<?xml version="1.0" encoding="utf-8"?>
<COLLADA xmlns="http://www.collada.org/2005/11/COLLADASchema" version="1.4.1">
  <asset>
    <contributor>
      <author>Mixamo</author>
      <authoring_tool>COLLADA Mixamo exporter</authoring_tool>
      <comments/>
    </contributor>
    <created>2021-10-01T10:42:48Z</created>
    <modified>2021-10-01T10:42:48Z</modified>
    <revision/>
    <title/>
    <unit meter="0.010000"/>
    <up_axis>Y_UP</up_axis>
  </asset>
  <library_animations>
    <animation id="mixamorig1_Hips-anim" name="mixamorig1_Hips">
      <source id="mixamorig1_Hips-Matrix-animation-input">
        <float_array id="mixamorig1_Hips-Matrix-animation-input-array" count="99">

0.000000 0.033333 0.066667 0.100000 0.133333 0.166667 0.200000 0.233333 0.266667 0.300000 0.333333 0.366667 0.400000 0.433333 0.466667 0.500000
0.533333 0.566667 0.600000 0.633333 0.666667 0.700000 0.733333 0.766667 0.800000 0.833333 0.866667 0.900000 0.933333 0.966667 1.000000 1.033333
1.066667 1.100000 1.133333 1.166667 1.200000 1.233333 1.266667 1.300000 1.333333 1.366667 1.400000 1.433333 1.466667 1.500000 1.533333 1.566667
1.600000 1.633333 1.666667 1.700000 1.733333 1.766667 1.800000 1.833333 1.866667 1.900000 1.933333 1.966667 2.000000 2.033333 2.066667 2.100000
2.133333 2.166667 2.200000 2.233333 2.266667 2.300000 2.333333 2.366667 2.400000 2.433333 2.466667 2.500000 2.533333 2.566667 2.600000 2.633333
2.666667 2.700000 2.733333 2.766667 2.800000 2.833333 2.866667 2.900000 2.933333 2.966667 3.000000 3.033333 3.066667 3.100000 3.133333 3.166667
3.200000 3.233333 3.266667</float_array>
        <technique_common>
          <accessor source="#mixamorig1_Hips-Matrix-animation-input-array" count="99">
            <param name="TIME" type="float"/>
          </accessor>
        </technique_common>
      </source>
      <source id="mixamorig1_Hips-Matrix-animation-output-transform">
        <float_array id="mixamorig1_Hips-Matrix-animation-output-transform-array" count="1584">

0.999858 -0.016620 0.002669 0.036552 0.016627 0.999859 -0.002522 35.417706 -0.002626 0.002566 0.999993 2.042865 0.000000 0.000000 0.000000 1.000000
0.999854 -0.017039 0.001466 0.038487 0.017040 0.999855 -0.000687 35.434662 -0.001454 0.000712 0.999999 2.013804 0.000000 0.000000 0.000000 1.000000
0.999854 -0.017069 0.000500 0.038322 0.017068 0.999853 0.001630 35.454292 -0.000528 -0.001621 0.999999 1.990358 0.000000 0.000000 0.000000 1.000000
0.999862 -0.016610 0.000063 0.045953 0.016610 0.999853 0.004232 35.472393 -0.000133 -0.004231 0.999991 1.965427 0.000000 0.000000 0.000000 1.000000
0.999874 -0.015895 0.000098 0.063322 0.015894 0.999850 0.006913 35.484585 -0.000208 -0.006911 0.999976 1.932270 0.000000 0.000000 0.000000 1.000000
0.999885 -0.015140 0.000409 0.084951 0.015136 0.999839 0.009661 35.488792 -0.000555 -0.009654 0.999953 1.889822 0.000000 0.000000 0.000000 1.000000
0.999898 -0.014259 0.000679 0.104564 0.014249 0.999818 0.012664 35.487968 -0.000859 -0.012653 0.999920 1.840728 0.000000 0.000000 0.000000 1.000000
0.999911 -0.013291 0.000645 0.120819 0.013279 0.999782 0.016087 35.486481 -0.000859 -0.016077 0.999870 1.787438 0.000000 0.000000 0.000000 1.000000
0.999919 -0.012713 0.000286 0.136168 0.012705 0.999720 0.019948 35.486870 -0.000539 -0.019943 0.999801 1.730430 0.000000 0.000000 0.000000 1.000000
0.999917 -0.012877 -0.000406 0.150535 0.012883 0.999622 0.024281 35.488873 0.000093 -0.024285 0.999705 1.669490 0.000000 0.000000 0.000000 1.000000
0.999909 -0.013417 -0.001711 0.158578 0.013461 0.999482 0.029234 35.490177 0.001318 -0.029254 0.999571 1.605253 0.000000 0.000000 0.000000 1.000000
0.999899 -0.013708 -0.003800 0.154800 0.013831 0.999303 0.034663 35.488586 0.003322 -0.034712 0.999392 1.539889 0.000000 0.000000 0.000000 1.000000
0.999885 -0.013821 -0.006265 0.139654 0.014060 0.999106 0.039867 35.483490 0.005708 -0.039951 0.999185 1.476969 0.000000 0.000000 0.000000 1.000000
0.999863 -0.014267 -0.008423 0.118539 0.014624 0.998924 0.044012 35.474419 0.007786 -0.044129 0.998995 1.421763 0.000000 0.000000 0.000000 1.000000
0.999839 -0.015025 -0.009850 0.097770 0.015469 0.998792 0.046632 35.459805 0.009138 -0.046777 0.998864 1.381594 0.000000 0.000000 0.000000 1.000000
0.999821 -0.015770 -0.010485 0.083845 0.016253 0.998728 0.047726 35.439362 0.009719 -0.047888 0.998805 1.363575 0.000000 0.000000 0.000000 1.000000
0.999811 -0.016286 -0.010586 0.081095 0.016771 0.998728 0.047555 35.414474 0.009798 -0.047724 0.998813 1.371534 0.000000 0.000000 0.000000 1.000000
0.999814 -0.016178 -0.010482 0.088590 0.016647 0.998790 0.046281 35.386719 0.009721 -0.046447 0.998873 1.403072 0.000000 0.000000 0.000000 1.000000
0.999837 -0.014940 -0.010176 0.103398 0.015371 0.998932 0.043583 35.358833 0.009514 -0.043732 0.998998 1.450233 0.000000 0.000000 0.000000 1.000000
0.999879 -0.012522 -0.009213 0.125777 0.012870 0.999167 0.038719 35.336983 0.008720 -0.038833 0.999208 1.505985 0.000000 0.000000 0.000000 1.000000
0.999934 -0.009089 -0.007028 0.155674 0.009303 0.999471 0.031163 35.326641 0.006741 -0.031226 0.999490 1.567950 0.000000 0.000000 0.000000 1.000000
0.999984 -0.004499 -0.003462 0.186261 0.004571 0.999766 0.021166 35.324303 0.003366 -0.021182 0.999770 1.637949 0.000000 0.000000 0.000000 1.000000
0.999998 0.001347 0.001097 0.210310 -0.001358 0.999953 0.009590 35.320469 -0.001084 -0.009591 0.999953 1.720856 0.000000 0.000000 0.000000 1.000000
0.999948 0.008225 0.005970 0.233071 -0.008209 0.999963 -0.002678 35.309456 -0.005992 0.002628 0.999979 1.819598 0.000000 0.000000 0.000000 1.000000
0.999824 0.015449 0.010646 0.271305 -0.015293 0.999777 -0.014570 35.287441 -0.010869 0.014405 0.999837 1.929510 0.000000 0.000000 0.000000 1.000000
0.999647 0.021922 0.015035 0.335255 -0.021547 0.999462 -0.024709 35.246128 -0.015569 0.024376 0.999582 2.043194 0.000000 0.000000 0.000000 1.000000
0.999451 0.026957 0.019238 0.415861 -0.026321 0.999123 -0.032575 35.186966 -0.020100 0.032050 0.999284 2.151986 0.000000 0.000000 0.000000 1.000000
0.999258 0.030812 0.023120 0.490752 -0.029880 0.998768 -0.039623 35.137619 -0.024313 0.038903 0.998947 2.238977 0.000000 0.000000 0.000000 1.000000
0.999074 0.034043 0.026309 0.541897 -0.032758 0.998319 -0.047820 35.121159 -0.027893 0.046914 0.998509 2.295874 0.000000 0.000000 0.000000 1.000000
0.998937 0.036344 0.028367 0.561233 -0.034699 0.997802 -0.056454 35.118355 -0.030356 0.055410 0.998002 2.323696 0.000000 0.000000 0.000000 1.000000
0.998902 0.036980 0.028772 0.551277 -0.035112 0.997400 -0.062925 35.105389 -0.031024 0.061846 0.997603 2.326521 0.000000 0.000000 0.000000 1.000000
0.998977 0.036296 0.026967 0.522616 -0.034443 0.997206 -0.066291 35.082523 -0.029297 0.065294 0.997436 2.325255 0.000000 0.000000 0.000000 1.000000
0.999113 0.035473 0.022683 0.484628 -0.033870 0.997143 -0.067523 35.074780 -0.025013 0.066695 0.997460 2.340332 0.000000 0.000000 0.000000 1.000000
0.999244 0.035205 0.016490 0.446226 -0.034009 0.997111 -0.067912 35.096870 -0.018833 0.067300 0.997555 2.375369 0.000000 0.000000 0.000000 1.000000
0.999310 0.035696 0.010240 0.420012 -0.034911 0.997026 -0.068707 35.125561 -0.012662 0.068302 0.997584 2.415790 0.000000 0.000000 0.000000 1.000000
0.999287 0.037139 0.006859 0.418992 -0.036558 0.996799 -0.071103 35.124355 -0.009477 0.070802 0.997445 2.445747 0.000000 0.000000 0.000000 1.000000
0.999194 0.039180 0.008771 0.448968 -0.038407 0.996399 -0.075589 35.092602 -0.011701 0.075191 0.997101 2.462902 0.000000 0.000000 0.000000 1.000000
0.999037 0.040921 0.015800 0.503277 -0.039497 0.995865 -0.081812 35.062614 -0.019082 0.081109 0.996523 2.482330 0.000000 0.000000 0.000000 1.000000
0.998805 0.041963 0.025049 0.568490 -0.039586 0.995257 -0.088857 35.062263 -0.028659 0.087759 0.995729 2.517364 0.000000 0.000000 0.000000 1.000000
0.998538 0.042536 0.033365 0.631735 -0.039184 0.994670 -0.095369 35.085049 -0.037244 0.093922 0.994883 2.561996 0.000000 0.000000 0.000000 1.000000
0.998306 0.042701 0.039517 0.681338 -0.038560 0.994220 -0.100194 35.103676 -0.043567 0.098500 0.994183 2.602182 0.000000 0.000000 0.000000 1.000000
0.998150 0.042223 0.043736 0.707188 -0.037544 0.993995 -0.102783 35.103840 -0.047813 0.100951 0.993742 2.630213 0.000000 0.000000 0.000000 1.000000
0.998096 0.040928 0.046145 0.702857 -0.035993 0.994017 -0.103123 35.090927 -0.050089 0.101266 0.993598 2.643898 0.000000 0.000000 0.000000 1.000000
0.998151 0.039065 0.046561 0.666529 -0.034175 0.994243 -0.101556 35.073624 -0.050260 0.099777 0.993740 2.641920 0.000000 0.000000 0.000000 1.000000
0.998282 0.037061 0.045387 0.600253 -0.032456 0.994626 -0.098311 35.057152 -0.048787 0.096669 0.994120 2.622188 0.000000 0.000000 0.000000 1.000000
0.998450 0.034805 0.043420 0.507653 -0.030624 0.995149 -0.093489 35.050064 -0.046464 0.092014 0.994673 2.585105 0.000000 0.000000 0.000000 1.000000
0.998678 0.031642 0.040517 0.394143 -0.028008 0.995786 -0.087322 35.060452 -0.043109 0.086071 0.995356 2.537510 0.000000 0.000000 0.000000 1.000000
0.998996 0.027210 0.035597 0.270024 -0.024298 0.996514 -0.079811 35.088131 -0.037644 0.078866 0.996174 2.486921 0.000000 0.000000 0.000000 1.000000
0.999350 0.021910 0.028632 0.151101 -0.019834 0.997289 -0.070867 35.130501 -0.030107 0.070253 0.997075 2.431603 0.000000 0.000000 0.000000 1.000000
0.999623 0.016793 0.021705 0.052727 -0.015438 0.998010 -0.061138 35.178600 -0.022688 0.060780 0.997893 2.365180 0.000000 0.000000 0.000000 1.000000
0.999775 0.012665 0.016995 -0.017116 -0.011774 0.998602 -0.051526 35.208515 -0.017624 0.051314 0.998527 2.283145 0.000000 0.000000 0.000000 1.000000
0.999861 0.008868 0.014122 -0.059477 -0.008267 0.999080 -0.042070 35.215870 -0.014482 0.041947 0.999015 2.182647 0.000000 0.000000 0.000000 1.000000
0.999928 0.004485 0.011173 -0.081591 -0.004122 0.999468 -0.032361 35.207184 -0.011312 0.032312 0.999414 2.068738 0.000000 0.000000 0.000000 1.000000
0.999970 0.000195 0.007720 -0.094562 -0.000016 0.999731 -0.023212 35.201694 -0.007722 0.023211 0.999701 1.958204 0.000000 0.000000 0.000000 1.000000
0.999984 -0.003008 0.004773 -0.100410 0.003083 0.999868 -0.015952 35.211884 -0.004724 0.015966 0.999861 1.869518 0.000000 0.000000 0.000000 1.000000
0.999980 -0.005368 0.003212 -0.090248 0.005401 0.999930 -0.010517 35.232254 -0.003155 0.010535 0.999940 1.808910 0.000000 0.000000 0.000000 1.000000
0.999965 -0.007697 0.003280 -0.059521 0.007717 0.999953 -0.005899 35.253479 -0.003234 0.005924 0.999977 1.771617 0.000000 0.000000 0.000000 1.000000
0.999937 -0.010354 0.004425 -0.018075 0.010360 0.999945 -0.001429 35.270943 -0.004410 0.001475 0.999989 1.751219 0.000000 0.000000 0.000000 1.000000
0.999899 -0.013109 0.005474 0.020089 0.013094 0.999910 0.002750 35.284603 -0.005510 -0.002678 0.999981 1.742995 0.000000 0.000000 0.000000 1.000000
0.999861 -0.015744 0.005401 0.049978 0.015709 0.999857 0.006292 35.301521 -0.005500 -0.006206 0.999966 1.740216 0.000000 0.000000 0.000000 1.000000
0.999821 -0.018468 0.004019 0.070568 0.018430 0.999786 0.009410 35.330425 -0.004192 -0.009335 0.999948 1.732295 0.000000 0.000000 0.000000 1.000000
0.999765 -0.021593 0.001767 0.076459 0.021569 0.999688 0.012625 35.368587 -0.002039 -0.012584 0.999919 1.713637 0.000000 0.000000 0.000000 1.000000
0.999687 -0.025007 -0.000950 0.060229 0.025019 0.999557 0.016146 35.401386 0.000545 -0.016165 0.999869 1.684024 0.000000 0.000000 0.000000 1.000000
0.999591 -0.028357 -0.003763 0.022779 0.028425 0.999404 0.019596 35.419430 0.003205 -0.019695 0.999801 1.645393 0.000000 0.000000 0.000000 1.000000
0.999476 -0.031790 -0.006169 -0.024072 0.031921 0.999236 0.022535 35.426369 0.005448 -0.022720 0.999727 1.604549 0.000000 0.000000 0.000000 1.000000
0.999331 -0.035709 -0.007897 -0.066942 0.035895 0.999046 0.024883 35.428974 0.007001 -0.025150 0.999659 1.574664 0.000000 0.000000 0.000000 1.000000
0.999165 -0.039798 -0.009212 -0.099940 0.040030 0.998844 0.026619 35.427956 0.008142 -0.026965 0.999603 1.567226 0.000000 0.000000 0.000000 1.000000
0.999006 -0.043312 -0.010493 -0.123728 0.043587 0.998668 0.027597 35.421257 0.009284 -0.028027 0.999564 1.581445 0.000000 0.000000 0.000000 1.000000
0.998866 -0.046141 -0.011747 -0.139811 0.046453 0.998532 0.027847 35.412048 0.010445 -0.028361 0.999543 1.603304 0.000000 0.000000 0.000000 1.000000
0.998732 -0.048660 -0.012895 -0.149577 0.049002 0.998416 0.027634 35.408230 0.011530 -0.028231 0.999535 1.617510 0.000000 0.000000 0.000000 1.000000
0.998599 -0.050996 -0.014128 -0.156561 0.051367 0.998308 0.027249 35.412487 0.012715 -0.027936 0.999529 1.618017 0.000000 0.000000 0.000000 1.000000
0.998479 -0.052877 -0.015593 -0.164454 0.053282 0.998218 0.026850 35.418007 0.014146 -0.027640 0.999518 1.607626 0.000000 0.000000 0.000000 1.000000
0.998400 -0.053967 -0.016875 -0.174590 0.054399 0.998172 0.026316 35.415310 0.015424 -0.027192 0.999511 1.593932 0.000000 0.000000 0.000000 1.000000
0.998384 -0.054183 -0.017152 -0.185511 0.054606 0.998190 0.025214 35.403385 0.015755 -0.026109 0.999535 1.584176 0.000000 0.000000 0.000000 1.000000
0.998428 -0.053732 -0.015975 -0.193570 0.054092 0.998270 0.023027 35.391445 0.014710 -0.023855 0.999607 1.582196 0.000000 0.000000 0.000000 1.000000
0.998504 -0.052936 -0.013721 -0.195989 0.053201 0.998390 0.019676 35.387772 0.012657 -0.020377 0.999712 1.590037 0.000000 0.000000 0.000000 1.000000
0.998579 -0.052080 -0.011310 -0.193409 0.052255 0.998509 0.015783 35.390266 0.010471 -0.016351 0.999811 1.606941 0.000000 0.000000 0.000000 1.000000
0.998640 -0.051283 -0.009392 -0.189269 0.051394 0.998606 0.012033 35.392227 0.008761 -0.012500 0.999883 1.627846 0.000000 0.000000 0.000000 1.000000
0.998691 -0.050523 -0.008015 -0.186380 0.050592 0.998682 0.008622 35.391209 0.007569 -0.009017 0.999931 1.647732 0.000000 0.000000 0.000000 1.000000
0.998736 -0.049775 -0.006997 -0.185995 0.049814 0.998743 0.005492 35.387917 0.006715 -0.005834 0.999960 1.667924 0.000000 0.000000 0.000000 1.000000
0.998780 -0.048988 -0.006272 -0.187416 0.049006 0.998795 0.002728 35.385002 0.006131 -0.003032 0.999977 1.691150 0.000000 0.000000 0.000000 1.000000
0.998830 -0.048019 -0.005799 -0.187348 0.048023 0.998846 0.000440 35.383263 0.005771 -0.000718 0.999983 1.715018 0.000000 0.000000 0.000000 1.000000
0.998893 -0.046734 -0.005363 -0.182012 0.046726 0.998907 -0.001513 35.380241 0.005428 0.001260 0.999984 1.734591 0.000000 0.000000 0.000000 1.000000
0.998970 -0.045145 -0.004656 -0.170402 0.045129 0.998975 -0.003381 35.375694 0.004804 0.003168 0.999983 1.747977 0.000000 0.000000 0.000000 1.000000
0.999050 -0.043421 -0.003637 -0.155027 0.043402 0.999044 -0.005162 35.372341 0.003858 0.004999 0.999980 1.756674 0.000000 0.000000 0.000000 1.000000
0.999127 -0.041678 -0.002691 -0.140433 0.041660 0.999110 -0.006563 35.370941 0.002962 0.006445 0.999975 1.763035 0.000000 0.000000 0.000000 1.000000
0.999207 -0.039749 -0.002227 -0.129120 0.039732 0.999183 -0.007396 35.369621 0.002519 0.007301 0.999970 1.770065 0.000000 0.000000 0.000000 1.000000
0.999298 -0.037405 -0.002167 -0.118350 0.037387 0.999270 -0.007836 35.367325 0.002459 0.007749 0.999967 1.781900 0.000000 0.000000 0.000000 1.000000
0.999393 -0.034767 -0.002071 -0.102304 0.034749 0.999363 -0.008172 35.364769 0.002354 0.008095 0.999964 1.801203 0.000000 0.000000 0.000000 1.000000
0.999483 -0.032093 -0.001798 -0.077622 0.032077 0.999450 -0.008427 35.364471 0.002067 0.008365 0.999963 1.826722 0.000000 0.000000 0.000000 1.000000
0.999566 -0.029414 -0.001602 -0.046490 0.029400 0.999532 -0.008421 35.368851 0.001849 0.008370 0.999963 1.855175 0.000000 0.000000 0.000000 1.000000
0.999640 -0.026797 -0.001499 -0.013928 0.026784 0.999608 -0.008175 35.376518 0.001718 0.008132 0.999965 1.884340 0.000000 0.000000 0.000000 1.000000
0.999701 -0.024430 -0.001156 0.016228 0.024420 0.999671 -0.007890 35.384552 0.001349 0.007859 0.999968 1.912883 0.000000 0.000000 0.000000 1.000000
0.999751 -0.022291 -0.000441 0.041374 0.022287 0.999724 -0.007492 35.392899 0.000608 0.007480 0.999972 1.938865 0.000000 0.000000 0.000000 1.000000
0.999794 -0.020316 0.000368 0.058270 0.020318 0.999771 -0.006709 35.401222 -0.000232 0.006715 0.999977 1.961420 0.000000 0.000000 0.000000 1.000000
0.999824 -0.018723 0.001076 0.064864 0.018728 0.999809 -0.005584 35.407166 -0.000971 0.005603 0.999984 1.981869 0.000000 0.000000 0.000000 1.000000
0.999842 -0.017695 0.001712 0.062181 0.017703 0.999834 -0.004425 35.410728 -0.001633 0.004454 0.999989 2.002039 0.000000 0.000000 0.000000 1.000000
0.999851 -0.017094 0.002269 0.052024 0.017101 0.999848 -0.003406 35.413795 -0.002210 0.003445 0.999992 2.022490 0.000000 0.000000 0.000000 1.000000
0.999858 -0.016622 0.002671 0.036517 0.016629 0.999859 -0.002522 35.417538 -0.002629 0.002566 0.999993 2.043079 0.000000 0.000000 0.000000 1.000000</float_array>
        <technique_common>
          <accessor source="#mixamorig1_Hips-Matrix-animation-output-transform-array" count="99" stride="16">
            <param type="float4x4"/>
          </accessor>
        </technique_common>
      </source>
      <source id="mixamorig1_Hips-Interpolations">
        <Name_array id="mixamorig1_Hips-Interpolations-array" count="99">
 LINEAR LINEAR LINEAR LINEAR LINEAR LINEAR LINEAR LINEAR LINEAR LINEAR LINEAR
LINEAR LINEAR LINEAR LINEAR LINEAR LINEAR LINEAR LINEAR LINEAR LINEAR LINEAR LINEAR
LINEAR LINEAR LINEAR LINEAR LINEAR LINEAR LINEAR LINEAR LINEAR LINEAR LINEAR LINEAR
LINEAR LINEAR LINEAR LINEAR LINEAR LINEAR LINEAR LINEAR LINEAR LINEAR LINEAR LINEAR
LINEAR LINEAR LINEAR LINEAR LINEAR LINEAR LINEAR LINEAR LINEAR LINEAR LINEAR LINEAR
LINEAR LINEAR LINEAR LINEAR LINEAR LINEAR LINEAR LINEAR LINEAR LINEAR LINEAR LINEAR
LINEAR LINEAR LINEAR LINEAR LINEAR LINEAR LINEAR LINEAR LINEAR LINEAR LINEAR LINEAR
LINEAR LINEAR LINEAR LINEAR LINEAR LINEAR LINEAR LINEAR LINEAR LINEAR LINEAR LINEAR
LINEAR LINEAR LINEAR LINEAR</Name_array>
        <technique_common>
          <accessor source="#mixamorig1_Hips-Interpolations-array" count="99">
            <param type="name"/>
          </accessor>
        </technique_common>
      </source>
      <sampler id="mixamorig1_Hips-Matrix-animation-transform">
        <input semantic="INPUT" source="#mixamorig1_Hips-Matrix-animation-input"/>
        <input semantic="OUTPUT" source="#mixamorig1_Hips-Matrix-animation-output-transform"/>
        <input semantic="INTERPOLATION" source="#mixamorig1_Hips-Interpolations"/>
      </sampler>
      <channel source="#mixamorig1_Hips-Matrix-animation-transform" target="mixamorig1_Hips/matrix"/>
    </animation>
    <animation id="mixamorig1_Spine-anim" name="mixamorig1_Spine">
      <source id="mixamorig1_Spine-Matrix-animation-input">
        <float_array id="mixamorig1_Spine-Matrix-animation-input-array" count="99">

0.000000 0.033333 0.066667 0.100000 0.133333 0.166667 0.200000 0.233333 0.266667 0.300000 0.333333 0.366667 0.400000 0.433333 0.466667 0.500000
0.533333 0.566667 0.600000 0.633333 0.666667 0.700000 0.733333 0.766667 0.800000 0.833333 0.866667 0.900000 0.933333 0.966667 1.000000 1.033333
1.066667 1.100000 1.133333 1.166667 1.200000 1.233333 1.266667 1.300000 1.333333 1.366667 1.400000 1.433333 1.466667 1.500000 1.533333 1.566667
1.600000 1.633333 1.666667 1.700000 1.733333 1.766667 1.800000 1.833333 1.866667 1.900000 1.933333 1.966667 2.000000 2.033333 2.066667 2.100000
2.133333 2.166667 2.200000 2.233333 2.266667 2.300000 2.333333 2.366667 2.400000 2.433333 2.466667 2.500000 2.533333 2.566667 2.600000 2.633333
2.666667 2.700000 2.733333 2.766667 2.800000 2.833333 2.866667 2.900000 2.933333 2.966667 3.000000 3.033333 3.066667 3.100000 3.133333 3.166667
3.200000 3.233333 3.266667</float_array>
        <technique_common>
          <accessor source="#mixamorig1_Spine-Matrix-animation-input-array" count="99">
            <param name="TIME" type="float"/>
          </accessor>
        </technique_common>
      </source>
      <source id="mixamorig1_Spine-Matrix-animation-output-transform">
        <float_array id="mixamorig1_Spine-Matrix-animation-output-transform-array" count="1584">

0.999628 0.027224 0.001368 -0.000000 -0.026720 0.988575 -0.148340 7.742100 -0.005391 0.148248 0.988936 -0.257000 0.000000 0.000000 0.000000 1.000000
0.999628 0.027215 0.001542 -0.000000 -0.026685 0.988583 -0.148294 7.742100 -0.005561 0.148198 0.988942 -0.257000 0.000000 0.000000 0.000000 1.000000
0.999618 0.027582 0.001556 0.000000 -0.027048 0.988600 -0.148115 7.742100 -0.005624 0.148016 0.988969 -0.257000 0.000000 0.000000 0.000000 1.000000
0.999605 0.028085 0.001427 0.000000 -0.027567 0.988659 -0.147625 7.742100 -0.005557 0.147527 0.989042 -0.257000 0.000000 0.000000 0.000000 1.000000
0.999589 0.028654 0.001099 0.000000 -0.028183 0.988781 -0.146690 7.742100 -0.005290 0.146599 0.989182 -0.257000 0.000000 0.000000 0.000000 1.000000
0.999567 0.029430 0.000395 0.000000 -0.029061 0.988962 -0.145291 7.742100 -0.004666 0.145217 0.989389 -0.257000 0.000000 0.000000 0.000000 1.000000
0.999534 0.030515 -0.000802 0.000000 -0.030314 0.989187 -0.143492 7.742100 -0.003585 0.143450 0.989651 -0.257000 0.000000 0.000000 0.000000 1.000000
0.999487 0.031929 -0.002435 -0.000000 -0.031952 0.989434 -0.141422 7.742100 -0.002106 0.141427 0.989946 -0.257000 0.000000 0.000000 0.000000 1.000000
0.999423 0.033689 -0.004409 0.000000 -0.033975 0.989687 -0.139158 7.742100 -0.000324 0.139227 0.990260 -0.257000 0.000000 0.000000 0.000000 1.000000
0.999337 0.035791 -0.006701 0.000000 -0.036371 0.989951 -0.136655 7.742100 0.001742 0.136808 0.990596 -0.257000 0.000000 0.000000 0.000000 1.000000
0.999228 0.038170 -0.009304 0.000000 -0.039073 0.990236 -0.133810 7.742100 0.004106 0.134071 0.990963 -0.257000 0.000000 0.000000 0.000000 1.000000
0.999097 0.040714 -0.012113 0.000000 -0.041948 0.990555 -0.130544 7.742100 0.006684 0.130934 0.991369 -0.257000 0.000000 0.000000 0.000000 1.000000
0.998951 0.043309 -0.014877 0.000000 -0.044849 0.990903 -0.126886 7.742100 0.009246 0.127420 0.991806 -0.257000 0.000000 0.000000 0.000000 1.000000
0.998800 0.045810 -0.017303 0.000000 -0.047596 0.991253 -0.123095 7.742100 0.011513 0.123771 0.992244 -0.257000 0.000000 0.000000 0.000000 1.000000
0.998664 0.047978 -0.019204 0.000000 -0.049938 0.991561 -0.119634 7.742100 0.013302 0.120434 0.992632 -0.257000 0.000000 0.000000 0.000000 1.000000
0.998548 0.049769 -0.020601 -0.000000 -0.051844 0.991789 -0.116907 7.742100 0.014614 0.117805 0.992929 -0.257000 0.000000 0.000000 0.000000 1.000000
0.998445 0.051391 -0.021608 0.000000 -0.053544 0.991925 -0.114969 7.742100 0.015525 0.115947 0.993134 -0.257000 0.000000 0.000000 0.000000 1.000000
0.998355 0.052862 -0.022204 0.000000 -0.055050 0.992016 -0.113462 7.742100 0.016029 0.114498 0.993294 -0.257000 0.000000 0.000000 0.000000 1.000000
0.998304 0.053845 -0.022155 0.000000 -0.055993 0.992157 -0.111758 7.742100 0.015964 0.112809 0.993488 -0.257000 0.000000 0.000000 0.000000 1.000000
0.998314 0.054071 -0.021117 0.000000 -0.056065 0.992420 -0.109357 7.742100 0.015043 0.110357 0.993778 -0.257000 0.000000 0.000000 0.000000 1.000000
0.998381 0.053653 -0.018897 0.000000 -0.055364 0.992797 -0.106253 7.742100 0.013060 0.107128 0.994159 -0.257000 0.000000 0.000000 0.000000 1.000000
0.998474 0.052962 -0.015650 0.000000 -0.054296 0.993205 -0.102932 7.742100 0.010092 0.103624 0.994565 -0.257000 0.000000 0.000000 0.000000 1.000000
0.998563 0.052276 -0.011782 0.000000 -0.053194 0.993568 -0.099966 7.742100 0.006480 0.100449 0.994921 -0.257000 0.000000 0.000000 0.000000 1.000000
0.998636 0.051633 -0.007758 -0.000000 -0.052144 0.993871 -0.097475 7.742100 0.002678 0.097747 0.995208 -0.257000 0.000000 0.000000 0.000000 1.000000
0.998679 0.051218 -0.004043 0.000000 -0.051370 0.994137 -0.095143 7.742100 -0.000853 0.095225 0.995455 -0.257000 0.000000 0.000000 0.000000 1.000000
0.998679 0.051380 -0.000984 0.000000 -0.051249 0.994354 -0.092918 7.742100 -0.003795 0.092845 0.995673 -0.257000 0.000000 0.000000 0.000000 1.000000
0.998639 0.052139 0.001132 0.000000 -0.051820 0.994497 -0.091050 7.742100 -0.005873 0.090868 0.995846 -0.257000 0.000000 0.000000 0.000000 1.000000
0.998602 0.052812 0.002069 0.000000 -0.052416 0.994613 -0.089425 7.742100 -0.006781 0.089192 0.995991 -0.257000 0.000000 0.000000 0.000000 1.000000
0.998602 0.052819 0.002043 0.000000 -0.052433 0.994720 -0.088216 7.742100 -0.006692 0.087985 0.996099 -0.257000 0.000000 0.000000 0.000000 1.000000
0.998619 0.052523 0.001272 0.000000 -0.052209 0.994768 -0.087811 7.742100 -0.005877 0.087624 0.996136 -0.257000 0.000000 0.000000 0.000000 1.000000
0.998578 0.053299 -0.000477 0.000000 -0.053132 0.994657 -0.088516 7.742100 -0.004244 0.088415 0.996075 -0.257000 0.000000 0.000000 0.000000 1.000000
0.998405 0.056361 -0.003223 0.000000 -0.056422 0.994294 -0.090527 7.742100 -0.001897 0.090565 0.995889 -0.257000 0.000000 0.000000 0.000000 1.000000
0.998101 0.061267 -0.006364 0.000000 -0.061594 0.993699 -0.093643 7.742100 0.000587 0.093857 0.995586 -0.257000 0.000000 0.000000 0.000000 1.000000
0.997751 0.066421 -0.008976 0.000000 -0.066980 0.992991 -0.097374 7.742100 0.002445 0.097757 0.995207 -0.257000 0.000000 0.000000 0.000000 1.000000
0.997470 0.070330 -0.010346 0.000000 -0.071016 0.992367 -0.100822 7.742100 0.003177 0.101301 0.994851 -0.257000 0.000000 0.000000 0.000000 1.000000
0.997333 0.072283 -0.010145 0.000000 -0.072945 0.991986 -0.103168 7.742100 0.002607 0.103633 0.994612 -0.257000 0.000000 0.000000 0.000000 1.000000
0.997331 0.072509 -0.008584 -0.000000 -0.073009 0.991870 -0.104232 7.742100 0.000957 0.104580 0.994516 -0.257000 0.000000 0.000000 0.000000 1.000000
0.997399 0.071800 -0.006362 0.000000 -0.072071 0.991913 -0.104472 7.742100 -0.001190 0.104659 0.994507 -0.257000 0.000000 0.000000 0.000000 1.000000
0.997490 0.070690 -0.004188 0.000000 -0.070739 0.991996 -0.104590 7.742100 -0.003238 0.104623 0.994507 -0.257000 0.000000 0.000000 0.000000 1.000000
0.997590 0.069344 -0.002374 0.000000 -0.069210 0.992066 -0.104957 7.742100 -0.004923 0.104868 0.994474 -0.257000 0.000000 0.000000 0.000000 1.000000
0.997693 0.067882 -0.000858 0.000000 -0.067593 0.992118 -0.105511 7.742100 -0.006311 0.105325 0.994418 -0.257000 0.000000 0.000000 0.000000 1.000000
0.997788 0.066469 0.000438 -0.000000 -0.066048 0.992163 -0.106065 7.742100 -0.007485 0.105802 0.994359 -0.257000 0.000000 0.000000 0.000000 1.000000
0.997868 0.065255 0.001452 0.000000 -0.064728 0.992187 -0.106654 7.742100 -0.008401 0.106333 0.994295 -0.257000 0.000000 0.000000 0.000000 1.000000
0.997925 0.064349 0.002117 0.000000 -0.063749 0.992161 -0.107485 7.742100 -0.009017 0.107127 0.994204 -0.257000 0.000000 0.000000 0.000000 1.000000
0.997951 0.063945 0.002288 0.000000 -0.063320 0.992076 -0.108516 7.742100 -0.009209 0.108149 0.994092 -0.257000 0.000000 0.000000 0.000000 1.000000
0.997924 0.064382 0.001552 -0.000000 -0.063827 0.991954 -0.109333 7.742100 -0.008578 0.109007 0.994004 -0.257000 0.000000 0.000000 0.000000 1.000000
0.997824 0.065928 -0.000465 0.000000 -0.065582 0.991801 -0.109677 7.742100 -0.006770 0.109468 0.993967 -0.257000 0.000000 0.000000 0.000000 1.000000
0.997655 0.068353 -0.003560 0.000000 -0.068330 0.991597 -0.109850 7.742100 -0.003979 0.109836 0.993942 -0.257000 0.000000 0.000000 0.000000 1.000000
0.997469 0.070764 -0.006918 -0.000000 -0.071095 0.991350 -0.110321 7.742100 -0.000949 0.110534 0.993872 -0.257000 0.000000 0.000000 0.000000 1.000000
0.997360 0.071996 -0.009486 0.000000 -0.072605 0.991138 -0.111238 7.742100 0.001393 0.111633 0.993748 -0.257000 0.000000 0.000000 0.000000 1.000000
0.997383 0.071515 -0.010580 -0.000000 -0.072252 0.991034 -0.112385 7.742100 0.002448 0.112855 0.993608 -0.257000 0.000000 0.000000 0.000000 1.000000
0.997504 0.069861 -0.010258 0.000000 -0.070576 0.990987 -0.113861 7.742100 0.002211 0.114301 0.993444 -0.257000 0.000000 0.000000 0.000000 1.000000
0.997645 0.067969 -0.009212 0.000000 -0.068578 0.990921 -0.115644 7.742100 0.001268 0.116003 0.993248 -0.257000 0.000000 0.000000 0.000000 1.000000
0.997803 0.065747 -0.008160 -0.000000 -0.066251 0.990866 -0.117450 7.742100 0.000363 0.117733 0.993045 -0.257000 0.000000 0.000000 0.000000 1.000000
0.997993 0.062885 -0.007425 0.000000 -0.063322 0.990891 -0.118854 7.742100 -0.000117 0.119086 0.992884 -0.257000 0.000000 0.000000 0.000000 1.000000
0.998198 0.059608 -0.006871 0.000000 -0.060002 0.991011 -0.119574 7.742100 -0.000318 0.119771 0.992802 -0.257000 0.000000 0.000000 0.000000 1.000000
0.998401 0.056175 -0.006262 0.000000 -0.056521 0.991212 -0.119596 7.742100 -0.000511 0.119759 0.992803 -0.257000 0.000000 0.000000 0.000000 1.000000
0.998592 0.052741 -0.005731 -0.000000 -0.053048 0.991464 -0.119103 7.742100 -0.000600 0.119239 0.992865 -0.257000 0.000000 0.000000 0.000000 1.000000
0.998755 0.049566 -0.005701 -0.000000 -0.049893 0.991721 -0.118325 7.742100 -0.000211 0.118462 0.992959 -0.257000 0.000000 0.000000 0.000000 1.000000
0.998881 0.046861 -0.006449 -0.000000 -0.047295 0.991946 -0.117501 7.742100 0.000891 0.117675 0.993052 -0.257000 0.000000 0.000000 0.000000 1.000000
0.998975 0.044559 -0.007992 0.000000 -0.045188 0.992139 -0.116697 7.742100 0.002730 0.116939 0.993135 -0.257000 0.000000 0.000000 0.000000 1.000000
0.999044 0.042534 -0.010108 0.000000 -0.043420 0.992301 -0.115989 7.742100 0.005097 0.116317 0.993199 -0.257000 0.000000 0.000000 0.000000 1.000000
0.999096 0.040660 -0.012410 0.000000 -0.041823 0.992421 -0.115547 7.742100 0.007617 0.115962 0.993224 -0.257000 0.000000 0.000000 0.000000 1.000000
0.999140 0.038827 -0.014553 0.000000 -0.040251 0.992493 -0.115484 7.742100 0.009960 0.115970 0.993203 -0.257000 0.000000 0.000000 0.000000 1.000000
0.999178 0.037079 -0.016412 -0.000000 -0.038734 0.992520 -0.115770 7.742100 0.011996 0.116311 0.993140 -0.257000 0.000000 0.000000 0.000000 1.000000
0.999209 0.035522 -0.017892 0.000000 -0.037367 0.992506 -0.116346 7.742100 0.013625 0.116922 0.993048 -0.257000 0.000000 0.000000 0.000000 1.000000
0.999244 0.034064 -0.018763 0.000000 -0.036034 0.992452 -0.117222 7.742100 0.014628 0.117809 0.992929 -0.257000 0.000000 0.000000 0.000000 1.000000
0.999292 0.032530 -0.018922 0.000000 -0.034547 0.992362 -0.118423 7.742100 0.014925 0.118993 0.992783 -0.257000 0.000000 0.000000 0.000000 1.000000
0.999351 0.030848 -0.018597 -0.000000 -0.032859 0.992251 -0.119822 7.742100 0.014756 0.120355 0.992621 -0.257000 0.000000 0.000000 0.000000 1.000000
0.999418 0.028908 -0.018106 0.000000 -0.030892 0.992158 -0.121114 7.742100 0.014463 0.121603 0.992473 -0.257000 0.000000 0.000000 0.000000 1.000000
0.999486 0.026760 -0.017656 0.000000 -0.028719 0.992105 -0.122079 7.742100 0.014250 0.122523 0.992363 -0.257000 0.000000 0.000000 0.000000 1.000000
0.999544 0.024788 -0.017255 0.000000 -0.026723 0.992063 -0.122873 7.742100 0.014072 0.123278 0.992272 -0.257000 0.000000 0.000000 0.000000 1.000000
0.999594 0.023192 -0.016582 -0.000000 -0.025071 0.991969 -0.123969 7.742100 0.013574 0.124335 0.992147 -0.257000 0.000000 0.000000 0.000000 1.000000
0.999649 0.021696 -0.015188 -0.000000 -0.023434 0.991805 -0.125594 7.742100 0.012338 0.125905 0.991966 -0.257000 0.000000 0.000000 0.000000 1.000000
0.999715 0.020035 -0.012957 0.000000 -0.021524 0.991620 -0.127383 7.742100 0.010296 0.127625 0.991769 -0.257000 0.000000 0.000000 0.000000 1.000000
0.999779 0.018385 -0.010202 0.000000 -0.019547 0.991467 -0.128883 7.742100 0.007745 0.129054 0.991607 -0.257000 0.000000 0.000000 0.000000 1.000000
0.999825 0.017139 -0.007436 -0.000000 -0.017961 0.991340 -0.130087 7.742100 0.005142 0.130197 0.991475 -0.257000 0.000000 0.000000 0.000000 1.000000
0.999851 0.016493 -0.005144 -0.000000 -0.017026 0.991205 -0.131236 7.742100 0.002934 0.131304 0.991338 -0.257000 0.000000 0.000000 0.000000 1.000000
0.999858 0.016465 -0.003682 0.000000 -0.016807 0.991048 -0.132441 7.742100 0.001468 0.132484 0.991184 -0.257000 0.000000 0.000000 0.000000 1.000000
0.999850 0.017051 -0.003145 -0.000000 -0.017319 0.990882 -0.133611 7.742100 0.000838 0.133646 0.991029 -0.257000 0.000000 0.000000 0.000000 1.000000
0.999831 0.018110 -0.003180 0.000000 -0.018374 0.990718 -0.134687 7.742100 0.000711 0.134722 0.990883 -0.257000 0.000000 0.000000 0.000000 1.000000
0.999809 0.019292 -0.003127 0.000000 -0.019538 0.990544 -0.135796 7.742100 0.000477 0.135831 0.990732 -0.257000 0.000000 0.000000 0.000000 1.000000
0.999790 0.020352 -0.002553 0.000000 -0.020510 0.990351 -0.137057 7.742100 -0.000261 0.137080 0.990560 -0.257000 0.000000 0.000000 0.000000 1.000000
0.999772 0.021315 -0.001561 -0.000000 -0.021326 0.990149 -0.138386 7.742100 -0.001405 0.138387 0.990377 -0.257000 0.000000 0.000000 0.000000 1.000000
0.999751 0.022287 -0.000540 0.000000 -0.022144 0.989953 -0.139649 7.742100 -0.002578 0.139626 0.990201 -0.257000 0.000000 0.000000 0.000000 1.000000
0.999730 0.023239 0.000213 0.000000 -0.022977 0.989768 -0.140821 7.742100 -0.003484 0.140778 0.990035 -0.257000 0.000000 0.000000 0.000000 1.000000
0.999711 0.024031 0.000634 -0.000000 -0.023698 0.989595 -0.141915 7.742100 -0.004038 0.141859 0.989879 -0.257000 0.000000 0.000000 0.000000 1.000000
0.999697 0.024588 0.000809 0.000000 -0.024221 0.989445 -0.142873 7.742100 -0.004314 0.142810 0.989741 -0.257000 0.000000 0.000000 0.000000 1.000000
0.999688 0.024952 0.000854 -0.000000 -0.024571 0.989328 -0.143616 7.742100 -0.004428 0.143550 0.989633 -0.257000 0.000000 0.000000 0.000000 1.000000
0.999682 0.025189 0.000867 0.000000 -0.024801 0.989244 -0.144154 7.742100 -0.004489 0.144087 0.989555 -0.257000 0.000000 0.000000 0.000000 1.000000
0.999678 0.025376 0.000903 -0.000000 -0.024979 0.989181 -0.144561 7.742100 -0.004562 0.144492 0.989495 -0.257000 0.000000 0.000000 0.000000 1.000000
0.999671 0.025633 0.000913 -0.000000 -0.025230 0.989128 -0.144874 7.742100 -0.004616 0.144803 0.989450 -0.257000 0.000000 0.000000 0.000000 1.000000
0.999662 0.025981 0.000846 0.000000 -0.025583 0.989085 -0.145111 7.742100 -0.004607 0.145040 0.989415 -0.257000 0.000000 0.000000 0.000000 1.000000
0.999655 0.026268 0.000797 0.000000 -0.025874 0.989039 -0.145371 7.742100 -0.004606 0.145300 0.989377 -0.257000 0.000000 0.000000 0.000000 1.000000
0.999651 0.026409 0.000893 -0.000000 -0.025997 0.988975 -0.145785 7.742100 -0.004733 0.145711 0.989316 -0.257000 0.000000 0.000000 0.000000 1.000000
0.999648 0.026498 0.001099 0.000000 -0.026051 0.988886 -0.146377 7.742100 -0.004965 0.146296 0.989228 -0.257000 0.000000 0.000000 0.000000 1.000000
0.999644 0.026668 0.001266 -0.000000 -0.026192 0.988781 -0.147057 7.742100 -0.005173 0.146972 0.989127 -0.257000 0.000000 0.000000 0.000000 1.000000
0.999636 0.026946 0.001322 -0.000000 -0.026456 0.988674 -0.147728 7.742100 -0.005288 0.147639 0.989027 -0.257000 0.000000 0.000000 0.000000 1.000000
0.999628 0.027228 0.001309 0.000000 -0.026733 0.988577 -0.148327 7.742100 -0.005333 0.148237 0.988937 -0.257000 0.000000 0.000000 0.000000 1.000000</float_array>
        <technique_common>
          <accessor source="#mixamorig1_Spine-Matrix-animation-output-transform-array" count="99" stride="16">
            <param type="float4x4"/>
          </accessor>
        </technique_common>
      </source>
      <source id="mixamorig1_Spine-Interpolations">
        <Name_array id="mixamorig1_Spine-Interpolations-array" count="99">
 LINEAR LINEAR LINEAR LINEAR LINEAR LINEAR LINEAR LINEAR LINEAR LINEAR LINEAR
LINEAR LINEAR LINEAR LINEAR LINEAR LINEAR LINEAR LINEAR LINEAR LINEAR LINEAR LINEAR
LINEAR LINEAR LINEAR LINEAR LINEAR LINEAR LINEAR LINEAR LINEAR LINEAR LINEAR LINEAR
LINEAR LINEAR LINEAR LINEAR LINEAR LINEAR LINEAR LINEAR LINEAR LINEAR LINEAR LINEAR
LINEAR LINEAR LINEAR LINEAR LINEAR LINEAR LINEAR LINEAR LINEAR LINEAR LINEAR LINEAR
LINEAR LINEAR LINEAR LINEAR LINEAR LINEAR LINEAR LINEAR LINEAR LINEAR LINEAR LINEAR
LINEAR LINEAR LINEAR LINEAR LINEAR LINEAR LINEAR LINEAR LINEAR LINEAR LINEAR LINEAR
LINEAR LINEAR LINEAR LINEAR LINEAR LINEAR LINEAR LINEAR LINEAR LINEAR LINEAR LINEAR
LINEAR LINEAR LINEAR LINEAR</Name_array>
        <technique_common>
          <accessor source="#mixamorig1_Spine-Interpolations-array" count="99">
            <param type="name"/>
          </accessor>
        </technique_common>
      </source>
      <sampler id="mixamorig1_Spine-Matrix-animation-transform">
        <input semantic="INPUT" source="#mixamorig1_Spine-Matrix-animation-input"/>
        <input semantic="OUTPUT" source="#mixamorig1_Spine-Matrix-animation-output-transform"/>
        <input semantic="INTERPOLATION" source="#mixamorig1_Spine-Interpolations"/>
      </sampler>
      <channel source="#mixamorig1_Spine-Matrix-animation-transform" target="mixamorig1_Spine/matrix"/>
    </animation>
    <animation id="mixamorig1_Spine1-anim" name="mixamorig1_Spine1">
      <source id="mixamorig1_Spine1-Matrix-animation-input">
        <float_array id="mixamorig1_Spine1-Matrix-animation-input-array" count="99">

0.000000 0.033333 0.066667 0.100000 0.133333 0.166667 0.200000 0.233333 0.266667 0.300000 0.333333 0.366667 0.400000 0.433333 0.466667 0.500000
0.533333 0.566667 0.600000 0.633333 0.666667 0.700000 0.733333 0.766667 0.800000 0.833333 0.866667 0.900000 0.933333 0.966667 1.000000 1.033333
1.066667 1.100000 1.133333 1.166667 1.200000 1.233333 1.266667 1.300000 1.333333 1.366667 1.400000 1.433333 1.466667 1.500000 1.533333 1.566667
1.600000 1.633333 1.666667 1.700000 1.733333 1.766667 1.800000 1.833333 1.866667 1.900000 1.933333 1.966667 2.000000 2.033333 2.066667 2.100000
2.133333 2.166667 2.200000 2.233333 2.266667 2.300000 2.333333 2.366667 2.400000 2.433333 2.466667 2.500000 2.533333 2.566667 2.600000 2.633333
2.666667 2.700000 2.733333 2.766667 2.800000 2.833333 2.866667 2.900000 2.933333 2.966667 3.000000 3.033333 3.066667 3.100000 3.133333 3.166667
3.200000 3.233333 3.266667</float_array>
        <technique_common>
          <accessor source="#mixamorig1_Spine1-Matrix-animation-input-array" count="99">
            <param name="TIME" type="float"/>
          </accessor>
        </technique_common>
      </source>
      <source id="mixamorig1_Spine1-Matrix-animation-output-transform">
        <float_array id="mixamorig1_Spine1-Matrix-animation-output-transform-array" count="1584">

0.999974 0.006077 0.003927 0.000000 -0.006091 0.999975 0.003477 9.037500 -0.003906 -0.003501 0.999986 0.000000 0.000000 0.000000 0.000000 1.000000
0.999974 0.005934 0.004124 0.000000 -0.005947 0.999978 0.003029 9.037500 -0.004106 -0.003054 0.999987 0.000000 0.000000 0.000000 0.000000 1.000000
0.999972 0.005946 0.004436 0.000000 -0.005960 0.999977 0.003084 9.037500 -0.004418 -0.003110 0.999985 0.000000 0.000000 0.000000 0.000000 1.000000
0.999970 0.006296 0.004511 0.000000 -0.006314 0.999972 0.003910 9.037500 -0.004486 -0.003939 0.999982 -0.000000 0.000000 0.000000 0.000000 1.000000
0.999965 0.007294 0.004040 -0.000000 -0.007316 0.999957 0.005682 9.037500 -0.003998 -0.005712 0.999976 -0.000000 0.000000 0.000000 0.000000 1.000000
0.999955 0.009106 0.002812 0.000000 -0.009129 0.999923 0.008357 9.037500 -0.002736 -0.008383 0.999961 0.000000 0.000000 0.000000 0.000000 1.000000
0.999933 0.011534 0.000820 0.000000 -0.011543 0.999864 0.011757 9.037500 -0.000684 -0.011765 0.999931 0.000000 0.000000 0.000000 0.000000 1.000000
0.999894 0.014421 -0.001768 0.000000 -0.014392 0.999774 0.015640 9.037500 0.001993 -0.015613 0.999876 0.000000 0.000000 0.000000 0.000000 1.000000
0.999827 0.017960 -0.004864 -0.000000 -0.017860 0.999643 0.019874 9.037500 0.005219 -0.019784 0.999791 -0.000000 0.000000 0.000000 0.000000 1.000000
0.999713 0.022371 -0.008558 -0.000000 -0.022156 0.999454 0.024505 9.037500 0.009101 -0.024309 0.999663 -0.000000 0.000000 0.000000 0.000000 1.000000
0.999537 0.027547 -0.012896 0.000000 -0.027155 0.999191 0.029662 9.037500 0.013703 -0.029298 0.999477 0.000000 0.000000 0.000000 0.000000 1.000000
0.999291 0.033229 -0.017673 0.000000 -0.032587 0.998839 0.035480 9.037500 0.018832 -0.034879 0.999214 0.000000 0.000000 0.000000 0.000000 1.000000
0.998973 0.039367 -0.022452 0.000000 -0.038400 0.998381 0.041969 9.037500 0.024068 -0.041064 0.998867 0.000000 0.000000 0.000000 0.000000 1.000000
0.998590 0.045864 -0.026737 0.000000 -0.044524 0.997818 0.048753 9.037500 0.028915 -0.047494 0.998453 0.000000 0.000000 0.000000 0.000000 1.000000
