<?xml version="1.0" encoding="utf-8"?>
<COLLADA xmlns="http://www.collada.org/2005/11/COLLADASchema" version="1.4.1">
  <asset>
    <contributor>
      <author>Mixamo</author>
      <authoring_tool>COLLADA Mixamo exporter</authoring_tool>
      <comments/>
    </contributor>
    <created>2021-10-01T12:38:33Z</created>
    <modified>2021-10-01T12:38:33Z</modified>
    <revision/>
    <title/>
    <unit meter="0.010000"/>
    <up_axis>Y_UP</up_axis>
  </asset>
  <library_animations>
    <animation id="mixamorig1_Hips-anim" name="mixamorig1_Hips">
      <source id="mixamorig1_Hips-Matrix-animation-input">
        <float_array id="mixamorig1_Hips-Matrix-animation-input-array" count="139">

0.000000 0.033333 0.066667 0.100000 0.133333 0.166667 0.200000 0.233333 0.266667 0.300000 0.333333 0.366667 0.400000 0.433333 0.466667 0.500000
0.533333 0.566667 0.600000 0.633333 0.666667 0.700000 0.733333 0.766667 0.800000 0.833333 0.866667 0.900000 0.933333 0.966667 1.000000 1.033333
1.066667 1.100000 1.133333 1.166667 1.200000 1.233333 1.266667 1.300000 1.333333 1.366667 1.400000 1.433333 1.466667 1.500000 1.533333 1.566667
1.600000 1.633333 1.666667 1.700000 1.733333 1.766667 1.800000 1.833333 1.866667 1.900000 1.933333 1.966667 2.000000 2.033333 2.066667 2.100000
2.133333 2.166667 2.200000 2.233333 2.266667 2.300000 2.333333 2.366667 2.400000 2.433333 2.466667 2.500000 2.533333 2.566667 2.600000 2.633333
2.666667 2.700000 2.733333 2.766667 2.800000 2.833333 2.866667 2.900000 2.933333 2.966667 3.000000 3.033333 3.066667 3.100000 3.133333 3.166667
3.200000 3.233333 3.266667 3.300000 3.333333 3.366667 3.400000 3.433333 3.466667 3.500000 3.533333 3.566667 3.600000 3.633333 3.666667 3.700000
3.733333 3.766667 3.800000 3.833333 3.866667 3.900000 3.933333 3.966667 4.000000 4.033333 4.066667 4.100000 4.133333 4.166667 4.200000 4.233333
4.266667 4.300000 4.333333 4.366667 4.400000 4.433333 4.466667 4.500000 4.533333 4.566667 4.600000</float_array>
        <technique_common>
          <accessor source="#mixamorig1_Hips-Matrix-animation-input-array" count="139">
            <param name="TIME" type="float"/>
          </accessor>
        </technique_common>
      </source>
      <source id="mixamorig1_Hips-Matrix-animation-output-transform">
        <float_array id="mixamorig1_Hips-Matrix-animation-output-transform-array" count="2224">

0.998186 0.023904 -0.055260 -8.080030 -0.024997 0.999504 -0.019176 56.630558 0.054774 0.020522 0.998288 -0.128200 0.000000 0.000000 0.000000 1.000000
0.998187 0.024239 -0.055101 -8.076468 -0.025337 0.999492 -0.019331 56.628323 0.054604 0.020692 0.998294 -0.118235 0.000000 0.000000 0.000000 1.000000
0.998214 0.024627 -0.054430 -8.074016 -0.025732 0.999475 -0.019708 56.626915 0.053916 0.021073 0.998323 -0.108904 0.000000 0.000000 0.000000 1.000000
0.998225 0.025057 -0.054037 -8.073561 -0.026177 0.999455 -0.020122 56.627808 0.053503 0.021501 0.998336 -0.099727 0.000000 0.000000 0.000000 1.000000
0.998257 0.025368 -0.053287 -8.073019 -0.026491 0.999439 -0.020479 56.629852 0.052738 0.021855 0.998369 -0.090843 0.000000 0.000000 0.000000 1.000000
0.998266 0.025846 -0.052878 -8.074190 -0.026968 0.999424 -0.020608 56.633484 0.052315 0.021998 0.998388 -0.083308 0.000000 0.000000 0.000000 1.000000
0.998286 0.026131 -0.052364 -8.073457 -0.027241 0.999417 -0.020583 56.638748 0.051796 0.021974 0.998416 -0.081271 0.000000 0.000000 0.000000 1.000000
0.998269 0.026428 -0.052533 -8.069907 -0.027518 0.999419 -0.020119 56.646385 0.051971 0.021530 0.998416 -0.080754 0.000000 0.000000 0.000000 1.000000
0.998219 0.026441 -0.053471 -8.064198 -0.027515 0.999432 -0.019444 56.654743 0.052926 0.020880 0.998380 -0.083466 0.000000 0.000000 0.000000 1.000000
0.998118 0.026346 -0.055377 -8.055210 -0.027431 0.999445 -0.018927 56.664749 0.054848 0.020410 0.998286 -0.091572 0.000000 0.000000 0.000000 1.000000
0.997960 0.026435 -0.058117 -8.042336 -0.027505 0.999465 -0.017701 56.674469 0.057618 0.019263 0.998153 -0.108027 0.000000 0.000000 0.000000 1.000000
0.997739 0.025689 -0.062105 -8.022717 -0.026766 0.999504 -0.016575 56.680649 0.061649 0.018200 0.997932 -0.140524 0.000000 0.000000 0.000000 1.000000
0.997561 0.025620 -0.064922 -8.004946 -0.026694 0.999520 -0.015735 56.686699 0.064488 0.017429 0.997766 -0.184936 0.000000 0.000000 0.000000 1.000000
0.997389 0.026397 -0.067221 -7.983460 -0.027454 0.999513 -0.014848 56.690514 0.066796 0.016655 0.997628 -0.257260 0.000000 0.000000 0.000000 1.000000
0.997297 0.027452 -0.068150 -7.967888 -0.028505 0.999488 -0.014533 56.698017 0.067716 0.016437 0.997569 -0.373244 0.000000 0.000000 0.000000 1.000000
0.997251 0.028692 -0.068321 -7.944710 -0.029711 0.999461 -0.013954 56.714153 0.067884 0.015946 0.997566 -0.566682 0.000000 0.000000 0.000000 1.000000
0.997233 0.032784 -0.066715 -7.929453 -0.033847 0.999316 -0.014866 56.741726 0.066182 0.017083 0.997661 -0.858157 0.000000 0.000000 0.000000 1.000000
0.997327 0.033771 -0.064796 -7.884536 -0.034911 0.999253 -0.016545 56.751091 0.064189 0.018762 0.997761 -1.312099 0.000000 0.000000 0.000000 1.000000
0.998058 0.038213 -0.049198 -7.894338 -0.039416 0.998941 -0.023736 56.564175 0.048239 0.025629 0.998507 -2.240037 0.000000 0.000000 0.000000 1.000000
0.998510 0.046418 -0.028680 -7.940711 -0.047149 0.998566 -0.025362 56.119125 0.027462 0.026676 0.999267 -3.593503 0.000000 0.000000 0.000000 1.000000
0.998606 0.051693 -0.010660 -7.998636 -0.051841 0.998555 -0.014161 55.452522 0.009913 0.014694 0.999843 -5.042415 0.000000 0.000000 0.000000 1.000000
0.998366 0.057145 0.000361 -8.049753 -0.057146 0.998363 0.002330 54.828819 -0.000227 -0.002346 0.999997 -6.280775 0.000000 0.000000 0.000000 1.000000
0.997466 0.063720 0.031632 -8.117170 -0.064062 0.997897 0.009908 54.257744 -0.030934 -0.011909 0.999450 -7.461380 0.000000 0.000000 0.000000 1.000000
0.996877 0.057765 0.053844 -8.222357 -0.059247 0.997895 0.026359 53.478920 -0.052208 -0.029467 0.998201 -8.594141 0.000000 0.000000 0.000000 1.000000
0.997394 0.049595 0.052403 -8.289564 -0.051187 0.998254 0.029481 52.789696 -0.050849 -0.032087 0.998191 -9.469728 0.000000 0.000000 0.000000 1.000000
0.997760 0.049605 0.044889 -8.309928 -0.050761 0.998398 0.024978 52.268620 -0.043578 -0.027200 0.998680 -10.122314 0.000000 0.000000 0.000000 1.000000
0.998208 0.048633 0.034880 -8.332565 -0.049256 0.998637 0.017240 51.769890 -0.033994 -0.018928 0.999243 -10.759681 0.000000 0.000000 0.000000 1.000000
0.998590 0.048519 0.021543 -8.357687 -0.048825 0.998710 0.013914 51.258190 -0.020840 -0.014946 0.999671 -11.401998 0.000000 0.000000 0.000000 1.000000
0.998438 0.050026 0.024876 -8.376936 -0.050507 0.998542 0.019075 50.705326 -0.023885 -0.020302 0.999509 -12.022187 0.000000 0.000000 0.000000 1.000000
0.998258 0.050975 0.029724 -8.396602 -0.051744 0.998330 0.025686 50.177357 -0.028365 -0.027180 0.999228 -12.591115 0.000000 0.000000 0.000000 1.000000
0.998544 0.044839 0.030001 -8.446964 -0.045617 0.998627 0.025752 49.711090 -0.028805 -0.027083 0.999218 -13.103126 0.000000 0.000000 0.000000 1.000000
0.998314 0.044223 0.037587 -8.503669 -0.045301 0.998572 0.028307 49.222527 -0.036281 -0.029962 0.998892 -13.604947 0.000000 0.000000 0.000000 1.000000
0.998292 0.039781 0.042786 -8.568555 -0.041488 0.998347 0.039764 48.672272 -0.041133 -0.041471 0.998293 -14.113997 0.000000 0.000000 0.000000 1.000000
0.998115 0.037605 0.048508 -8.631553 -0.040340 0.997576 0.056706 48.071728 -0.046258 -0.058556 0.997212 -14.617860 0.000000 0.000000 0.000000 1.000000
0.997783 0.037140 0.055224 -8.696379 -0.041422 0.996051 0.078533 47.397636 -0.052089 -0.080647 0.995381 -15.112309 0.000000 0.000000 0.000000 1.000000
0.997529 0.037883 0.059171 -8.751027 -0.043563 0.994247 0.097848 46.881466 -0.055124 -0.100184 0.993441 -15.499098 0.000000 0.000000 0.000000 1.000000
0.997262 0.038717 0.063005 -8.825915 -0.045801 0.992289 0.115177 46.346012 -0.058060 -0.117747 0.991345 -15.885395 0.000000 0.000000 0.000000 1.000000
0.997246 0.039306 0.062887 -8.882941 -0.047446 0.989889 0.133677 45.774666 -0.056997 -0.136292 0.989028 -16.312502 0.000000 0.000000 0.000000 1.000000
0.997178 0.039423 0.063893 -8.926576 -0.049025 0.986465 0.156470 45.207161 -0.056860 -0.159161 0.985614 -16.759342 0.000000 0.000000 0.000000 1.000000
0.996995 0.041110 0.065659 -8.962301 -0.052129 0.982996 0.176075 44.611771 -0.057304 -0.178968 0.982185 -17.220490 0.000000 0.000000 0.000000 1.000000
0.996939 0.039459 0.067496 -8.995372 -0.051811 0.979952 0.192378 44.006145 -0.058552 -0.195286 0.978997 -17.710941 0.000000 0.000000 0.000000 1.000000
0.996984 0.035700 0.068905 -9.039403 -0.049716 0.975593 0.213885 43.396114 -0.059588 -0.216665 0.974426 -18.241058 0.000000 0.000000 0.000000 1.000000
0.996994 0.028898 0.071886 -9.086417 -0.044906 0.971625 0.232223 42.771549 -0.063135 -0.234753 0.970003 -18.788076 0.000000 0.000000 0.000000 1.000000
0.996639 0.023952 0.078341 -9.135561 -0.043247 0.966021 0.254822 42.134716 -0.069576 -0.257353 0.963809 -19.398142 0.000000 0.000000 0.000000 1.000000
0.996070 0.019452 0.086403 -9.193321 -0.042632 0.960426 0.275255 41.452908 -0.077630 -0.277857 0.957481 -20.030012 0.000000 0.000000 0.000000 1.000000
0.995403 0.015647 0.094485 -9.245171 -0.043215 0.953802 0.297313 40.705521 -0.085468 -0.300029 0.950093 -20.710266 0.000000 0.000000 0.000000 1.000000
0.994562 0.012352 0.103412 -9.291863 -0.045299 0.945402 0.322743 39.855476 -0.093780 -0.325672 0.940820 -21.442461 0.000000 0.000000 0.000000 1.000000
0.993896 0.010288 0.109840 -9.359654 -0.048443 0.935219 0.350741 38.923195 -0.099115 -0.353921 0.930009 -22.214750 0.000000 0.000000 0.000000 1.000000
0.992844 0.006986 0.119216 -9.411444 -0.051422 0.926007 0.373988 37.952839 -0.107783 -0.377442 0.919739 -23.030052 0.000000 0.000000 0.000000 1.000000
0.991801 0.004198 0.127720 -9.459183 -0.055264 0.915256 0.399063 36.913998 -0.115221 -0.402850 0.907985 -23.942987 0.000000 0.000000 0.000000 1.000000
0.991340 0.001568 0.131310 -9.559982 -0.057947 0.902537 0.426695 35.791954 -0.117843 -0.430609 0.894812 -24.915083 0.000000 0.000000 0.000000 1.000000
0.990936 -0.003900 0.134282 -9.623972 -0.058847 0.885970 0.459993 34.566444 -0.120763 -0.463726 0.877710 -25.946062 0.000000 0.000000 0.000000 1.000000
0.989761 -0.011086 0.142305 -9.691417 -0.061807 0.865376 0.497297 33.185326 -0.128661 -0.501000 0.855830 -27.084137 0.000000 0.000000 0.000000 1.000000
0.988336 -0.014271 0.151619 -9.764579 -0.069678 0.842903 0.533535 31.633884 -0.135414 -0.537876 0.832077 -28.256859 0.000000 0.000000 0.000000 1.000000
0.987347 -0.018458 0.157499 -9.830518 -0.076890 0.812915 0.577285 29.970470 -0.138688 -0.582090 0.801210 -29.511351 0.000000 0.000000 0.000000 1.000000
0.986384 -0.021959 0.162988 -9.879078 -0.086594 0.773197 0.628226 28.106117 -0.139817 -0.633785 0.760768 -30.855850 0.000000 0.000000 0.000000 1.000000
0.984259 -0.029495 0.174256 -9.958111 -0.097577 0.731389 0.674944 26.117970 -0.147356 -0.681322 0.716998 -32.243069 0.000000 0.000000 0.000000 1.000000
0.982852 -0.038543 0.180320 -10.028135 -0.106885 0.677775 0.727459 23.994003 -0.150255 -0.734259 0.662033 -33.816277 0.000000 0.000000 0.000000 1.000000
0.980954 -0.042917 0.189440 -10.067987 -0.122676 0.619275 0.775532 21.699541 -0.150599 -0.784001 0.602215 -35.592415 0.000000 0.000000 0.000000 1.000000
0.979321 -0.049671 0.196122 -10.182707 -0.134485 0.564387 0.814482 19.227465 -0.151144 -0.824015 0.546036 -37.500381 0.000000 0.000000 0.000000 1.000000
0.980669 -0.047791 0.189749 -10.211406 -0.140346 0.503935 0.852263 16.451830 -0.136351 -0.862419 0.487486 -39.562073 0.000000 0.000000 0.000000 1.000000
0.984725 -0.032595 0.171038 -10.178805 -0.139283 0.442003 0.886134 13.330341 -0.104483 -0.896421 0.430712 -41.704578 0.000000 0.000000 0.000000 1.000000
0.988144 -0.018392 0.152423 -10.203388 -0.134538 0.374561 0.917389 10.022882 -0.073964 -0.927020 0.367646 -44.009323 0.000000 0.000000 0.000000 1.000000
0.988306 -0.011074 0.152083 -10.424352 -0.144415 0.252202 0.956838 7.057071 -0.048952 -0.967611 0.247653 -46.082142 0.000000 0.000000 0.000000 1.000000
0.988848 -0.009983 0.148591 -10.547511 -0.147614 0.066406 0.986813 5.517274 -0.019719 -0.997743 0.064192 -47.397568 0.000000 0.000000 0.000000 1.000000
0.990311 -0.004117 0.138803 -10.555821 -0.138853 -0.042050 0.989420 5.671229 0.001763 -0.999107 -0.042214 -48.206947 0.000000 0.000000 0.000000 1.000000
0.989079 -0.010984 0.146976 -10.641799 -0.147367 -0.089508 0.985023 6.484603 0.002336 -0.995926 -0.090149 -49.161762 0.000000 0.000000 0.000000 1.000000
0.987451 -0.036010 0.153767 -10.898099 -0.157884 -0.202191 0.966536 6.969103 -0.003715 -0.978684 -0.205339 -50.505905 0.000000 0.000000 0.000000 1.000000
0.986922 -0.045589 0.154616 -10.993196 -0.161033 -0.322010 0.932941 7.410663 0.007256 -0.945638 -0.325140 -51.963802 0.000000 0.000000 0.000000 1.000000
0.986321 -0.051290 0.156655 -10.984458 -0.164630 -0.354253 0.920544 7.971230 0.008281 -0.933742 -0.357851 -53.376823 0.000000 0.000000 0.000000 1.000000
0.985690 -0.053164 0.159966 -11.087307 -0.168450 -0.346269 0.922888 8.344457 0.006327 -0.936628 -0.350269 -54.579136 0.000000 0.000000 0.000000 1.000000
0.983974 -0.050007 0.171154 -11.214584 -0.177998 -0.332164 0.926274 8.391611 0.010531 -0.941895 -0.335742 -55.361191 0.000000 0.000000 0.000000 1.000000
0.981898 -0.048347 0.183138 -11.356589 -0.188994 -0.314237 0.930342 8.208328 0.012570 -0.948113 -0.317686 -55.820717 0.000000 0.000000 0.000000 1.000000
0.980086 -0.047707 0.192756 -11.400973 -0.198229 -0.292121 0.935612 7.825961 0.011673 -0.955191 -0.295761 -56.093525 0.000000 0.000000 0.000000 1.000000
0.979455 -0.045251 0.196521 -11.342048 -0.201437 -0.265687 0.942780 7.423390 0.009551 -0.962997 -0.269343 -56.056137 0.000000 0.000000 0.000000 1.000000
0.979544 -0.043693 0.196430 -11.331446 -0.201168 -0.236963 0.950463 7.052862 0.005019 -0.970536 -0.240906 -55.883152 0.000000 0.000000 0.000000 1.000000
0.979754 -0.042611 0.195616 -11.290352 -0.200190 -0.197058 0.959736 6.664800 -0.002348 -0.979465 -0.201599 -55.590115 0.000000 0.000000 0.000000 1.000000
0.981629 -0.040904 0.186361 -11.159524 -0.190335 -0.142013 0.971393 6.225092 -0.013269 -0.989019 -0.147189 -55.184658 0.000000 0.000000 0.000000 1.000000
0.984494 -0.036049 0.171672 -11.080621 -0.174228 -0.087254 0.980832 5.863248 -0.020379 -0.995534 -0.092182 -54.561893 0.000000 0.000000 0.000000 1.000000
0.987322 -0.035964 0.154601 -11.225715 -0.156053 -0.041835 0.986862 5.698548 -0.029024 -0.998477 -0.046917 -53.830460 0.000000 0.000000 0.000000 1.000000
0.990214 -0.034685 0.135181 -11.435989 -0.135771 -0.015220 0.990623 5.646284 -0.032303 -0.999282 -0.019781 -53.091667 0.000000 0.000000 0.000000 1.000000
0.992289 -0.029419 0.120402 -11.467682 -0.120672 -0.007589 0.992663 5.681700 -0.028290 -0.999538 -0.011080 -52.596779 0.000000 0.000000 0.000000 1.000000
0.993494 -0.029514 0.109989 -11.512625 -0.110261 -0.007736 0.993873 5.804543 -0.028482 -0.999534 -0.010940 -52.232342 0.000000 0.000000 0.000000 1.000000
0.994476 -0.030522 0.100433 -11.620396 -0.100579 -0.003287 0.994924 5.926390 -0.030037 -0.999529 -0.006338 -51.914505 0.000000 0.000000 0.000000 1.000000
0.995247 -0.031214 0.092246 -11.728134 -0.092042 0.007912 0.995724 5.993684 -0.031811 -0.999481 0.005002 -51.706478 0.000000 0.000000 0.000000 1.000000
0.995809 -0.031646 0.085808 -11.812183 -0.085282 0.017619 0.996201 5.980730 -0.033038 -0.999344 0.014846 -51.674675 0.000000 0.000000 0.000000 1.000000
0.996219 -0.030713 0.081263 -11.847539 -0.080547 0.023852 0.996465 5.942357 -0.032543 -0.999244 0.021288 -51.762665 0.000000 0.000000 0.000000 1.000000
0.996412 -0.029592 0.079297 -11.863887 -0.078558 0.025379 0.996586 5.897661 -0.031504 -0.999240 0.022963 -51.931095 0.000000 0.000000 0.000000 1.000000
0.996450 -0.028019 0.079388 -11.858700 -0.078767 0.022582 0.996637 5.857892 -0.029717 -0.999352 0.020295 -52.125290 0.000000 0.000000 0.000000 1.000000
0.996291 -0.028031 0.081360 -11.855638 -0.080917 0.016608 0.996582 5.832926 -0.029287 -0.999469 0.014279 -52.260857 0.000000 0.000000 0.000000 1.000000
0.996025 -0.028935 0.084244 -11.850354 -0.083960 0.010903 0.996410 5.816700 -0.029750 -0.999522 0.008430 -52.332039 0.000000 0.000000 0.000000 1.000000
0.995619 -0.029290 0.088794 -11.828068 -0.088609 0.007539 0.996038 5.792511 -0.029843 -0.999543 0.004910 -52.402325 0.000000 0.000000 0.000000 1.000000
0.995165 -0.028974 0.093845 -11.788093 -0.093673 0.007258 0.995577 5.770916 -0.029527 -0.999554 0.004509 -52.472969 0.000000 0.000000 0.000000 1.000000
0.994810 -0.028933 0.097548 -11.722265 -0.097322 0.009142 0.995211 5.755615 -0.029686 -0.999540 0.006278 -52.510490 0.000000 0.000000 0.000000 1.000000
0.994459 -0.028728 0.101120 -11.663604 -0.100830 0.011354 0.994839 5.755033 -0.029727 -0.999523 0.008395 -52.515903 0.000000 0.000000 0.000000 1.000000
0.994281 -0.028460 0.102936 -11.619114 -0.102596 0.013149 0.994636 5.767186 -0.029661 -0.999508 0.010154 -52.500523 0.000000 0.000000 0.000000 1.000000
0.994195 -0.028740 0.103683 -11.597795 -0.103309 0.014233 0.994548 5.781240 -0.030059 -0.999486 0.011181 -52.472149 0.000000 0.000000 0.000000 1.000000
0.994147 -0.028759 0.104133 -11.590684 -0.103722 0.015438 0.994486 5.794777 -0.030208 -0.999467 0.012365 -52.444206 0.000000 0.000000 0.000000 1.000000
0.994151 -0.028791 0.104093 -11.596291 -0.103642 0.016727 0.994474 5.801662 -0.030374 -0.999445 0.013645 -52.424812 0.000000 0.000000 0.000000 1.000000
0.994174 -0.028894 0.103843 -11.613574 -0.103358 0.017802 0.994485 5.804785 -0.030584 -0.999424 0.014712 -52.414982 0.000000 0.000000 0.000000 1.000000
0.994240 -0.028842 0.103227 -11.632798 -0.102733 0.018128 0.994544 5.803446 -0.030556 -0.999420 0.015061 -52.417599 0.000000 0.000000 0.000000 1.000000
0.994318 -0.028574 0.102539 -11.652575 -0.102061 0.017736 0.994620 5.797731 -0.030239 -0.999434 0.014719 -52.428436 0.000000 0.000000 0.000000 1.000000
0.994374 -0.028141 0.102119 -11.671824 -0.101662 0.017225 0.994670 5.793353 -0.029750 -0.999456 0.014267 -52.440285 0.000000 0.000000 0.000000 1.000000
0.994434 -0.027705 0.101652 -11.685184 -0.101216 0.016717 0.994724 5.791686 -0.029258 -0.999476 0.013819 -52.448349 0.000000 0.000000 0.000000 1.000000
0.994510 -0.027120 0.101066 -11.692122 -0.100650 0.016309 0.994788 5.791494 -0.028627 -0.999499 0.013490 -52.448570 0.000000 0.000000 0.000000 1.000000
0.994566 -0.026724 0.100615 -11.694413 -0.100198 0.016521 0.994830 5.791777 -0.028248 -0.999506 0.013753 -52.443672 0.000000 0.000000 0.000000 1.000000
0.994584 -0.026777 0.100427 -11.694037 -0.100001 0.016816 0.994845 5.793073 -0.028327 -0.999500 0.014047 -52.437130 0.000000 0.000000 0.000000 1.000000
0.994585 -0.027023 0.100350 -11.692696 -0.099909 0.017206 0.994848 5.795471 -0.028611 -0.999487 0.014413 -52.429607 0.000000 0.000000 0.000000 1.000000
0.994566 -0.027282 0.100472 -11.692931 -0.100016 0.017599 0.994830 5.796529 -0.028909 -0.999473 0.014774 -52.419594 0.000000 0.000000 0.000000 1.000000
0.994535 -0.027475 0.100725 -11.691502 -0.100256 0.017966 0.994799 5.796201 -0.029141 -0.999461 0.015113 -52.414806 0.000000 0.000000 0.000000 1.000000
0.994514 -0.027551 0.100905 -11.690792 -0.100429 0.018145 0.994779 5.795370 -0.029238 -0.999456 0.015279 -52.413116 0.000000 0.000000 0.000000 1.000000
0.994498 -0.027517 0.101078 -11.689795 -0.100604 0.018096 0.994762 5.794300 -0.029201 -0.999458 0.015228 -52.413815 0.000000 0.000000 0.000000 1.000000
0.994489 -0.027378 0.101208 -11.689097 -0.100739 0.017997 0.994750 5.792195 -0.029056 -0.999463 0.015140 -52.417519 0.000000 0.000000 0.000000 1.000000
0.994466 -0.027246 0.101460 -11.687944 -0.100989 0.018116 0.994723 5.790884 -0.028940 -0.999465 0.015265 -52.421535 0.000000 0.000000 0.000000 1.000000
0.994444 -0.027175 0.101701 -11.686708 -0.101228 0.018242 0.994696 5.790584 -0.028886 -0.999464 0.015390 -52.424526 0.000000 0.000000 0.000000 1.000000
0.994432 -0.027140 0.101823 -11.686273 -0.101348 0.018348 0.994682 5.790300 -0.028864 -0.999463 0.015495 -52.423946 0.000000 0.000000 0.000000 1.000000
0.994432 -0.027108 0.101832 -11.686794 -0.101353 0.018477 0.994679 5.789921 -0.028846 -0.999462 0.015627 -52.421326 0.000000 0.000000 0.000000 1.000000
0.994446 -0.027154 0.101681 -11.686075 -0.101200 0.018537 0.994693 5.789672 -0.028894 -0.999459 0.015686 -52.421204 0.000000 0.000000 0.000000 1.000000
0.994465 -0.027354 0.101447 -11.684977 -0.100962 0.018583 0.994717 5.788164 -0.029095 -0.999453 0.015718 -52.419792 0.000000 0.000000 0.000000 1.000000
0.994483 -0.027596 0.101204 -11.683949 -0.100710 0.018722 0.994740 5.786726 -0.029346 -0.999444 0.015839 -52.418880 0.000000 0.000000 0.000000 1.000000
0.994486 -0.027709 0.101144 -11.684464 -0.100642 0.018946 0.994742 5.787350 -0.029480 -0.999436 0.016053 -52.419357 0.000000 0.000000 0.000000 1.000000
0.994498 -0.027818 0.100992 -11.684608 -0.100482 0.019159 0.994754 5.788486 -0.029607 -0.999429 0.016258 -52.422005 0.000000 0.000000 0.000000 1.000000
0.994505 -0.027841 0.100920 -11.685394 -0.100404 0.019366 0.994758 5.789967 -0.029650 -0.999425 0.016464 -52.423439 0.000000 0.000000 0.000000 1.000000
0.994494 -0.027796 0.101036 -11.686934 -0.100513 0.019595 0.994743 5.792048 -0.029629 -0.999422 0.016694 -52.424198 0.000000 0.000000 0.000000 1.000000
0.994505 -0.027773 0.100934 -11.689501 -0.100409 0.019673 0.994752 5.794437 -0.029613 -0.999421 0.016776 -52.424026 0.000000 0.000000 0.000000 1.000000
0.994515 -0.027665 0.100873 -11.691446 -0.100351 0.019675 0.994758 5.797023 -0.029504 -0.999424 0.016791 -52.424129 0.000000 0.000000 0.000000 1.000000
0.994513 -0.027617 0.100900 -11.692484 -0.100380 0.019624 0.994756 5.798806 -0.029452 -0.999426 0.016745 -52.424339 0.000000 0.000000 0.000000 1.000000
0.994514 -0.027681 0.100879 -11.692996 -0.100361 0.019485 0.994760 5.798944 -0.029501 -0.999427 0.016600 -52.423859 0.000000 0.000000 0.000000 1.000000
0.994509 -0.027836 0.100880 -11.693568 -0.100366 0.019292 0.994764 5.798405 -0.029636 -0.999426 0.016392 -52.423019 0.000000 0.000000 0.000000 1.000000
0.994505 -0.027915 0.100902 -11.693823 -0.100393 0.019100 0.994765 5.797411 -0.029696 -0.999428 0.016193 -52.422752 0.000000 0.000000 0.000000 1.000000
0.994501 -0.027860 0.100949 -11.693902 -0.100443 0.019008 0.994761 5.796341 -0.029633 -0.999431 0.016105 -52.422905 0.000000 0.000000 0.000000 1.000000
0.994502 -0.027778 0.100970 -11.694230 -0.100465 0.019015 0.994759 5.795856 -0.029552 -0.999433 0.016120 -52.422676 0.000000 0.000000 0.000000 1.000000
0.994504 -0.027682 0.100978 -11.694643 -0.100472 0.019090 0.994757 5.795684 -0.029465 -0.999434 0.016204 -52.422844 0.000000 0.000000 0.000000 1.000000
0.994506 -0.027527 0.100995 -11.695185 -0.100489 0.019209 0.994753 5.795071 -0.029323 -0.999436 0.016337 -52.422413 0.000000 0.000000 0.000000 1.000000
0.994510 -0.027406 0.100988 -11.695801 -0.100480 0.019343 0.994751 5.794099 -0.029215 -0.999437 0.016483 -52.421429 0.000000 0.000000 0.000000 1.000000
0.994515 -0.027362 0.100951 -11.696133 -0.100440 0.019442 0.994753 5.793185 -0.029181 -0.999436 0.016588 -52.420929 0.000000 0.000000 0.000000 1.000000
0.994521 -0.027406 0.100880 -11.695614 -0.100368 0.019485 0.994760 5.791118 -0.029228 -0.999434 0.016627 -52.420135 0.000000 0.000000 0.000000 1.000000
0.994537 -0.027473 0.100705 -11.694101 -0.100192 0.019462 0.994778 5.788954 -0.029289 -0.999433 0.016603 -52.419781 0.000000 0.000000 0.000000 1.000000
0.994548 -0.027450 0.100599 -11.693048 -0.100087 0.019411 0.994789 5.787308 -0.029260 -0.999435 0.016558 -52.420692 0.000000 0.000000 0.000000 1.000000</float_array>
        <technique_common>
          <accessor source="#mixamorig1_Hips-Matrix-animation-output-transform-array" count="139" stride="16">
            <param type="float4x4"/>
          </accessor>
        </technique_common>
      </source>
      <source id="mixamorig1_Hips-Interpolations">
        <Name_array id="mixamorig1_Hips-Interpolations-array" count="139">
 LINEAR LINEAR LINEAR LINEAR LINEAR LINEAR LINEAR LINEAR LINEAR LINEAR LINEAR
LINEAR LINEAR LINEAR LINEAR LINEAR LINEAR LINEAR LINEAR LINEAR LINEAR LINEAR LINEAR
LINEAR LINEAR LINEAR LINEAR LINEAR LINEAR LINEAR LINEAR LINEAR LINEAR LINEAR LINEAR
LINEAR LINEAR LINEAR LINEAR LINEAR LINEAR LINEAR LINEAR LINEAR LINEAR LINEAR LINEAR
LINEAR LINEAR LINEAR LINEAR LINEAR LINEAR LINEAR LINEAR LINEAR LINEAR LINEAR LINEAR
LINEAR LINEAR LINEAR LINEAR LINEAR LINEAR LINEAR LINEAR LINEAR LINEAR LINEAR LINEAR
LINEAR LINEAR LINEAR LINEAR LINEAR LINEAR LINEAR LINEAR LINEAR LINEAR LINEAR LINEAR
LINEAR LINEAR LINEAR LINEAR LINEAR LINEAR LINEAR LINEAR LINEAR LINEAR LINEAR LINEAR
LINEAR LINEAR LINEAR LINEAR LINEAR LINEAR LINEAR LINEAR LINEAR LINEAR LINEAR LINEAR
LINEAR LINEAR LINEAR LINEAR LINEAR LINEAR LINEAR LINEAR LINEAR LINEAR LINEAR LINEAR
LINEAR LINEAR LINEAR LINEAR LINEAR LINEAR LINEAR LINEAR LINEAR LINEAR LINEAR LINEAR
LINEAR LINEAR LINEAR LINEAR LINEAR LINEAR LINEAR LINEAR</Name_array>
        <technique_common>
          <accessor source="#mixamorig1_Hips-Interpolations-array" count="139">
            <param type="name"/>
          </accessor>
        </technique_common>
      </source>
      <sampler id="mixamorig1_Hips-Matrix-animation-transform">
        <input semantic="INPUT" source="#mixamorig1_Hips-Matrix-animation-input"/>
        <input semantic="OUTPUT" source="#mixamorig1_Hips-Matrix-animation-output-transform"/>
        <input semantic="INTERPOLATION" source="#mixamorig1_Hips-Interpolations"/>
      </sampler>
      <channel source="#mixamorig1_Hips-Matrix-animation-transform" target="mixamorig1_Hips/matrix"/>
    </animation>
    <animation id="mixamorig1_Spine-anim" name="mixamorig1_Spine">
      <source id="mixamorig1_Spine-Matrix-animation-input">
        <float_array id="mixamorig1_Spine-Matrix-animation-input-array" count="139">

0.000000 0.033333 0.066667 0.100000 0.133333 0.166667 0.200000 0.233333 0.266667 0.300000 0.333333 0.366667 0.400000 0.433333 0.466667 0.500000
0.533333 0.566667 0.600000 0.633333 0.666667 0.700000 0.733333 0.766667 0.800000 0.833333 0.866667 0.900000 0.933333 0.966667 1.000000 1.033333
1.066667 1.100000 1.133333 1.166667 1.200000 1.233333 1.266667 1.300000 1.333333 1.366667 1.400000 1.433333 1.466667 1.500000 1.533333 1.566667
1.600000 1.633333 1.666667 1.700000 1.733333 1.766667 1.800000 1.833333 1.866667 1.900000 1.933333 1.966667 2.000000 2.033333 2.066667 2.100000
2.133333 2.166667 2.200000 2.233333 2.266667 2.300000 2.333333 2.366667 2.400000 2.433333 2.466667 2.500000 2.533333 2.566667 2.600000 2.633333
2.666667 2.700000 2.733333 2.766667 2.800000 2.833333 2.866667 2.900000 2.933333 2.966667 3.000000 3.033333 3.066667 3.100000 3.133333 3.166667
3.200000 3.233333 3.266667 3.300000 3.333333 3.366667 3.400000 3.433333 3.466667 3.500000 3.533333 3.566667 3.600000 3.633333 3.666667 3.700000
3.733333 3.766667 3.800000 3.833333 3.866667 3.900000 3.933333 3.966667 4.000000 4.033333 4.066667 4.100000 4.133333 4.166667 4.200000 4.233333
4.266667 4.300000 4.333333 4.366667 4.400000 4.433333 4.466667 4.500000 4.533333 4.566667 4.600000</float_array>
        <technique_common>
          <accessor source="#mixamorig1_Spine-Matrix-animation-input-array" count="139">
            <param name="TIME" type="float"/>
          </accessor>
        </technique_common>
      </source>
      <source id="mixamorig1_Spine-Matrix-animation-output-transform">
        <float_array id="mixamorig1_Spine-Matrix-animation-output-transform-array" count="2224">

0.999967 -0.006013 -0.005445 -0.000000 0.006362 0.997775 0.066361 7.742100 0.005033 -0.066394 0.997781 -0.257000 0.000000 0.000000 0.000000 1.000000
0.999966 -0.006098 -0.005555 0.000000 0.006454 0.997770 0.066432 7.742100 0.005138 -0.066466 0.997775 -0.257000 0.000000 0.000000 0.000000 1.000000
0.999964 -0.006183 -0.005825 -0.000000 0.006557 0.997755 0.066644 7.742100 0.005400 -0.066680 0.997760 -0.257000 0.000000 0.000000 0.000000 1.000000
0.999962 -0.006274 -0.006051 0.000000 0.006664 0.997751 0.066702 7.742100 0.005619 -0.066740 0.997755 -0.257000 0.000000 0.000000 0.000000 1.000000
0.999960 -0.006286 -0.006348 0.000000 0.006696 0.997746 0.066767 7.742100 0.005914 -0.066807 0.997748 -0.257000 0.000000 0.000000 0.000000 1.000000
0.999959 -0.006337 -0.006489 0.000000 0.006756 0.997749 0.066725 7.742100 0.006052 -0.066766 0.997750 -0.257000 0.000000 0.000000 0.000000 1.000000
0.999958 -0.006332 -0.006630 0.000000 0.006759 0.997756 0.066617 7.742100 0.006193 -0.066659 0.997757 -0.257000 0.000000 0.000000 0.000000 1.000000
0.999958 -0.006377 -0.006593 -0.000000 0.006800 0.997772 0.066366 7.742100 0.006155 -0.066408 0.997774 -0.257000 0.000000 0.000000 0.000000 1.000000
0.999959 -0.006431 -0.006418 0.000000 0.006841 0.997790 0.066098 7.742100 0.005979 -0.066139 0.997793 -0.257000 0.000000 0.000000 0.000000 1.000000
0.999960 -0.006517 -0.006074 0.000000 0.006903 0.997808 0.065808 7.742100 0.005631 -0.065847 0.997814 -0.257000 0.000000 0.000000 0.000000 1.000000
0.999962 -0.006595 -0.005652 0.000000 0.006951 0.997830 0.065480 7.742100 0.005208 -0.065517 0.997838 -0.257000 0.000000 0.000000 0.000000 1.000000
0.999965 -0.006683 -0.005075 0.000000 0.006999 0.997860 0.065004 7.742100 0.004629 -0.065037 0.997872 -0.257000 0.000000 0.000000 0.000000 1.000000
0.999966 -0.006892 -0.004456 0.000000 0.007164 0.997900 0.064382 7.742100 0.004003 -0.064411 0.997915 -0.257000 0.000000 0.000000 0.000000 1.000000
0.999964 -0.007265 -0.004486 0.000000 0.007533 0.997986 0.062986 7.742100 0.004019 -0.063017 0.998004 -0.257000 0.000000 0.000000 0.000000 1.000000
0.999958 -0.007802 -0.004785 0.000000 0.008082 0.998071 0.061555 7.742100 0.004295 -0.061591 0.998092 -0.257000 0.000000 0.000000 0.000000 1.000000
0.999951 -0.008214 -0.005542 0.000000 0.008528 0.998213 0.059153 7.742100 0.005046 -0.059197 0.998234 -0.257000 0.000000 0.000000 0.000000 1.000000
0.999944 -0.008473 -0.006313 0.000000 0.008804 0.998485 0.054308 7.742100 0.005843 -0.054360 0.998504 -0.257000 0.000000 0.000000 0.000000 1.000000
0.999934 -0.009384 -0.006681 0.000000 0.009677 0.998930 0.045217 7.742100 0.006250 -0.045279 0.998955 -0.257000 0.000000 0.000000 0.000000 1.000000
0.999918 -0.010888 -0.006738 0.000000 0.011071 0.999554 0.027735 7.742100 0.006433 -0.027807 0.999593 -0.257000 0.000000 0.000000 0.000000 1.000000
0.999902 -0.012815 -0.005699 0.000000 0.012796 0.999913 -0.003270 7.742100 0.005740 0.003196 0.999978 -0.257000 0.000000 0.000000 0.000000 1.000000
0.999884 -0.015018 -0.002422 -0.000000 0.014907 0.999063 -0.040637 7.742100 0.003030 0.040597 0.999171 -0.257000 0.000000 0.000000 0.000000 1.000000
0.999828 -0.018548 0.000436 0.000000 0.018531 0.997164 -0.072948 7.742100 0.000918 0.072944 0.997336 -0.257000 0.000000 0.000000 0.000000 1.000000
0.999722 -0.023561 -0.000332 0.000000 0.023412 0.994780 -0.099316 7.742100 0.002670 0.099281 0.995056 -0.257000 0.000000 0.000000 0.000000 1.000000
0.999591 -0.028569 0.000998 -0.000000 0.028470 0.991811 -0.124504 7.742100 0.002568 0.124482 0.992219 -0.257000 0.000000 0.000000 0.000000 1.000000
0.999390 -0.033813 0.008711 0.000000 0.034713 0.989075 -0.143269 7.742100 -0.003772 0.143484 0.989645 -0.257000 0.000000 0.000000 0.000000 1.000000
0.999117 -0.038098 0.017724 -0.000000 0.040381 0.987192 -0.154344 7.742100 -0.011617 0.154923 0.987858 -0.257000 0.000000 0.000000 0.000000 1.000000
0.998912 -0.040263 0.023524 0.000000 0.043539 0.985943 -0.161308 7.742100 -0.016698 0.162157 0.986624 -0.257000 0.000000 0.000000 0.000000 1.000000
0.998845 -0.041180 0.024769 0.000000 0.044744 0.984978 -0.166785 7.742100 -0.017529 0.167700 0.985682 -0.257000 0.000000 0.000000 0.000000 1.000000
0.998844 -0.042167 0.023066 0.000000 0.045517 0.984012 -0.172190 7.742100 -0.015436 0.173041 0.984794 -0.257000 0.000000 0.000000 0.000000 1.000000
0.998792 -0.043537 0.022761 -0.000000 0.046876 0.983218 -0.176307 7.742100 -0.014704 0.177161 0.984072 -0.257000 0.000000 0.000000 0.000000 1.000000
0.998683 -0.045404 0.023889 0.000000 0.048956 0.982630 -0.179004 7.742100 -0.015347 0.179937 0.983558 -0.257000 0.000000 0.000000 0.000000 1.000000
0.998590 -0.046561 0.025485 0.000000 0.050387 0.982499 -0.179322 7.742100 -0.016689 0.180354 0.983460 -0.257000 0.000000 0.000000 0.000000 1.000000
0.998594 -0.045931 0.026476 0.000000 0.049939 0.982596 -0.178916 7.742100 -0.017797 0.179986 0.983508 -0.257000 0.000000 0.000000 0.000000 1.000000
0.998619 -0.045152 0.026876 0.000000 0.049247 0.982602 -0.179076 7.742100 -0.018323 0.180152 0.983468 -0.257000 0.000000 0.000000 0.000000 1.000000
0.998588 -0.045485 0.027452 0.000000 0.049706 0.982318 -0.180502 7.742100 -0.018757 0.181612 0.983191 -0.257000 0.000000 0.000000 0.000000 1.000000
0.998520 -0.046649 0.027973 -0.000000 0.051007 0.981663 -0.183674 7.742100 -0.018892 0.184829 0.982589 -0.257000 0.000000 0.000000 0.000000 1.000000
0.998462 -0.047325 0.028895 0.000000 0.051899 0.981083 -0.186499 7.742100 -0.019523 0.187712 0.982030 -0.257000 0.000000 0.000000 0.000000 1.000000
0.998456 -0.047446 0.028896 -0.000000 0.052054 0.980725 -0.188332 7.742100 -0.019403 0.189546 0.981680 -0.257000 0.000000 0.000000 0.000000 1.000000
0.998512 -0.046699 0.028151 -0.000000 0.051232 0.980228 -0.191121 7.742100 -0.018669 0.192279 0.981163 -0.257000 0.000000 0.000000 0.000000 1.000000
0.998615 -0.044854 0.027503 0.000000 0.049307 0.980220 -0.191669 7.742100 -0.018362 0.192760 0.981074 -0.257000 0.000000 0.000000 0.000000 1.000000
0.998684 -0.043391 0.027332 0.000000 0.047819 0.980487 -0.190681 7.742100 -0.018525 0.191737 0.981271 -0.257000 0.000000 0.000000 0.000000 1.000000
0.998708 -0.042303 0.028170 -0.000000 0.046899 0.980647 -0.190082 7.742100 -0.019584 0.191158 0.981364 -0.257000 0.000000 0.000000 0.000000 1.000000
0.998656 -0.042617 0.029505 0.000000 0.047462 0.980630 -0.190031 7.742100 -0.020835 0.191176 0.981335 -0.257000 0.000000 0.000000 0.000000 1.000000
0.998505 -0.045011 0.031003 0.000000 0.050151 0.980044 -0.192351 7.742100 -0.021727 0.193618 0.980836 -0.257000 0.000000 0.000000 0.000000 1.000000
0.998421 -0.046077 0.032120 -0.000000 0.051452 0.979651 -0.194004 7.742100 -0.022527 0.195350 0.980475 -0.257000 0.000000 0.000000 0.000000 1.000000
0.998408 -0.046123 0.032467 0.000000 0.051560 0.979684 -0.193806 7.742100 -0.022869 0.195171 0.980502 -0.257000 0.000000 0.000000 0.000000 1.000000
0.998398 -0.046317 0.032501 0.000000 0.051749 0.979743 -0.193460 7.742100 -0.022882 0.194831 0.980570 -0.257000 0.000000 0.000000 0.000000 1.000000
0.998384 -0.046934 0.032036 -0.000000 0.052249 0.979846 -0.192801 7.742100 -0.022341 0.194163 0.980715 -0.257000 0.000000 0.000000 0.000000 1.000000
0.998367 -0.047845 0.031218 0.000000 0.052932 0.980279 -0.190398 7.742100 -0.021493 0.191739 0.981211 -0.257000 0.000000 0.000000 0.000000 1.000000
0.998346 -0.047634 0.032177 0.000000 0.052898 0.980371 -0.189935 7.742100 -0.022498 0.191323 0.981269 -0.257000 0.000000 0.000000 0.000000 1.000000
0.998308 -0.046352 0.035097 0.000000 0.052204 0.980362 -0.190173 7.742100 -0.025592 0.191683 0.981123 -0.257000 0.000000 0.000000 0.000000 1.000000
0.998302 -0.044651 0.037402 -0.000000 0.050957 0.980552 -0.189527 7.742100 -0.028212 0.191111 0.981163 -0.257000 0.000000 0.000000 0.000000 1.000000
0.998238 -0.044928 0.038768 0.000000 0.051463 0.980705 -0.188597 7.742100 -0.029547 0.190259 0.981289 -0.257000 0.000000 0.000000 0.000000 1.000000
0.998095 -0.047148 0.039800 0.000000 0.053802 0.980823 -0.187329 7.742100 -0.030205 0.189113 0.981491 -0.257000 0.000000 0.000000 0.000000 1.000000
0.997913 -0.049372 0.041618 -0.000000 0.056304 0.980848 -0.186460 7.742100 -0.031615 0.188414 0.981581 -0.257000 0.000000 0.000000 0.000000 1.000000
0.997813 -0.051357 0.041625 0.000000 0.058244 0.980810 -0.186061 7.742100 -0.031271 0.188079 0.981656 -0.257000 0.000000 0.000000 0.000000 1.000000
0.997711 -0.054003 0.040703 -0.000000 0.060610 0.981043 -0.184069 7.742100 -0.029991 0.186115 0.982070 -0.257000 0.000000 0.000000 0.000000 1.000000
0.997599 -0.056862 0.039545 0.000000 0.063109 0.981502 -0.180754 7.742100 -0.028535 0.182815 0.982733 -0.257000 0.000000 0.000000 0.000000 1.000000
0.997591 -0.059721 0.035299 0.000000 0.065026 0.982268 -0.175844 7.742100 -0.024171 0.177716 0.983785 -0.257000 0.000000 0.000000 0.000000 1.000000
0.997365 -0.063085 0.035830 -0.000000 0.068270 0.983200 -0.169282 7.742100 -0.024549 0.171282 0.984916 -0.257000 0.000000 0.000000 0.000000 1.000000
0.997216 -0.065148 0.036286 0.000000 0.070237 0.984042 -0.163487 7.742100 -0.025056 0.165581 0.985878 -0.257000 0.000000 0.000000 0.000000 1.000000
0.997269 -0.065726 0.033693 0.000000 0.070191 0.985351 -0.155423 7.742100 -0.022984 0.157363 0.987273 -0.257000 0.000000 0.000000 0.000000 1.000000
0.997239 -0.068286 0.029169 0.000000 0.071849 0.986549 -0.146828 7.742100 -0.018750 0.148519 0.988732 -0.257000 0.000000 0.000000 0.000000 1.000000
0.997180 -0.072713 0.018565 -0.000000 0.074672 0.986028 -0.148903 7.742100 -0.007479 0.149869 0.988678 -0.257000 0.000000 0.000000 0.000000 1.000000
0.997416 -0.071357 0.008375 -0.000000 0.071815 0.986679 -0.145972 7.742100 0.002153 0.146197 0.989253 -0.257000 0.000000 0.000000 0.000000 1.000000
0.998210 -0.059334 -0.007561 -0.000000 0.058217 0.992776 -0.104914 7.742100 0.013731 0.104286 0.994453 -0.257000 0.000000 0.000000 0.000000 1.000000
0.998923 -0.042256 -0.019190 0.000000 0.041129 0.997598 -0.055737 7.742100 0.021499 0.054888 0.998261 -0.257000 0.000000 0.000000 0.000000 1.000000
0.999447 -0.029962 -0.014405 0.000000 0.029086 0.997917 -0.057584 7.742100 0.016100 0.057133 0.998237 -0.257000 0.000000 0.000000 0.000000 1.000000
0.999609 -0.026165 -0.009909 0.000000 0.025192 0.995796 -0.088068 7.742100 0.012171 0.087783 0.996065 -0.257000 0.000000 0.000000 0.000000 1.000000
0.999595 -0.026076 -0.011417 0.000000 0.024852 0.995002 -0.096713 7.742100 0.013882 0.096390 0.995247 -0.257000 0.000000 0.000000 0.000000 1.000000
0.999636 -0.023546 -0.013206 0.000000 0.022319 0.996011 -0.086395 7.742100 0.015187 0.086069 0.996173 -0.257000 0.000000 0.000000 0.000000 1.000000
0.999635 -0.022849 -0.014450 0.000000 0.021655 0.996720 -0.077978 7.742100 0.016184 0.077636 0.996850 -0.257000 0.000000 0.000000 0.000000 1.000000
0.999601 -0.023770 -0.015262 0.000000 0.022607 0.997124 -0.072330 7.742100 0.016937 0.071957 0.997264 -0.257000 0.000000 0.000000 0.000000 1.000000
0.999558 -0.026162 -0.014130 -0.000000 0.025179 0.997515 -0.065795 7.742100 0.015817 0.065410 0.997733 -0.257000 0.000000 0.000000 0.000000 1.000000
0.999509 -0.028979 -0.011956 0.000000 0.028227 0.997867 -0.058855 7.742100 0.013636 0.058489 0.998195 -0.257000 0.000000 0.000000 0.000000 1.000000
0.999501 -0.029251 -0.011916 -0.000000 0.028602 0.998269 -0.051381 7.742100 0.013398 0.051015 0.998608 -0.257000 0.000000 0.000000 0.000000 1.000000
0.999532 -0.027221 -0.013974 0.000000 0.026642 0.998841 -0.040077 7.742100 0.015049 0.039686 0.999099 -0.257000 0.000000 0.000000 0.000000 1.000000
0.999573 -0.024521 -0.015905 0.000000 0.024140 0.999426 -0.023756 7.742100 0.016478 0.023362 0.999591 -0.257000 0.000000 0.000000 0.000000 1.000000
0.999626 -0.022157 -0.016007 0.000000 0.022055 0.999735 -0.006549 7.742100 0.016148 0.006194 0.999850 -0.257000 0.000000 0.000000 0.000000 1.000000
0.999782 -0.016280 -0.013047 0.000000 0.016369 0.999843 0.006746 7.742100 0.012935 -0.006958 0.999892 -0.257000 0.000000 0.000000 0.000000 1.000000
0.999912 -0.009537 -0.009168 -0.000000 0.009667 0.999853 0.014177 7.742100 0.009031 -0.014264 0.999857 -0.257000 0.000000 0.000000 0.000000 1.000000
0.999927 -0.010125 -0.006545 0.000000 0.010234 0.999805 0.016886 7.742100 0.006373 -0.016951 0.999836 -0.257000 0.000000 0.000000 0.000000 1.000000
0.999920 -0.011520 -0.005250 0.000000 0.011610 0.999780 0.017482 7.742100 0.005048 -0.017542 0.999833 -0.257000 0.000000 0.000000 0.000000 1.000000
0.999937 -0.010332 -0.004497 0.000000 0.010414 0.999773 0.018574 7.742100 0.004304 -0.018619 0.999817 -0.257000 0.000000 0.000000 0.000000 1.000000
0.999955 -0.008863 -0.003415 0.000000 0.008935 0.999728 0.021521 7.742100 0.003223 -0.021551 0.999763 -0.257000 0.000000 0.000000 0.000000 1.000000
