<?xml version="1.0" encoding="utf-8"?>
<COLLADA xmlns="http://www.collada.org/2005/11/COLLADASchema" version="1.4.1">
  <asset>
    <contributor>
      <author>Mixamo</author>
      <authoring_tool>COLLADA Mixamo exporter</authoring_tool>
      <comments/>
    </contributor>
    <created>2021-10-01T12:24:49Z</created>
    <modified>2021-10-01T12:24:49Z</modified>
    <revision/>
    <title/>
    <unit meter="0.010000"/>
    <up_axis>Y_UP</up_axis>
  </asset>
  <library_animations>
    <animation id="mixamorig1_Hips-anim" name="mixamorig1_Hips">
      <source id="mixamorig1_Hips-Matrix-animation-input">
        <float_array id="mixamorig1_Hips-Matrix-animation-input-array" count="31">

0.000000 0.033333 0.066667 0.100000 0.133333 0.166667 0.200000 0.233333 0.266667 0.300000 0.333333 0.366667 0.400000 0.433333 0.466667 0.500000
0.533333 0.566667 0.600000 0.633333 0.666667 0.700000 0.733333 0.766667 0.800000 0.833333 0.866667 0.900000 0.933333 0.966667 1.000000</float_array>
        <technique_common>
          <accessor source="#mixamorig1_Hips-Matrix-animation-input-array" count="31">
            <param name="TIME" type="float"/>
          </accessor>
        </technique_common>
      </source>
      <source id="mixamorig1_Hips-Matrix-animation-output-transform">
        <float_array id="mixamorig1_Hips-Matrix-animation-output-transform-array" count="496">

0.953037 -0.040894 0.300081 -0.087693 0.147120 0.928590 -0.340699 50.084988 -0.264720 0.368847 0.890997 -0.154206 0.000000 0.000000 0.000000 1.000000
0.971377 0.096499 0.217057 -0.002014 -0.048370 0.974975 -0.216988 55.424999 -0.232564 0.200278 0.951737 -0.419447 0.000000 0.000000 0.000000 1.000000
0.966884 0.220040 0.129299 0.202410 -0.209010 0.973423 -0.093604 61.380417 -0.146459 0.063479 0.987178 0.051852 0.000000 0.000000 0.000000 1.000000
0.957889 0.279358 0.066390 0.220875 -0.280601 0.959772 0.010019 68.237579 -0.060921 -0.028226 0.997743 0.624239 0.000000 0.000000 0.000000 1.000000
0.968934 0.244217 0.039039 -0.147546 -0.246696 0.965567 0.082598 75.795212 -0.017523 -0.089663 0.995818 0.606261 0.000000 0.000000 0.000000 1.000000
0.988711 0.145310 0.036535 -0.749044 -0.149050 0.978746 0.140858 83.302727 -0.015290 -0.144713 0.989356 0.094386 0.000000 0.000000 0.000000 1.000000
0.998889 0.045660 0.011655 -1.231770 -0.047057 0.979658 0.195079 90.872223 -0.002511 -0.195411 0.980718 0.220465 0.000000 0.000000 0.000000 1.000000
0.999581 0.014469 -0.025051 -1.356352 -0.008522 0.974785 0.222985 97.577667 0.027646 -0.222678 0.974500 0.732846 0.000000 0.000000 0.000000 1.000000
0.996348 0.045993 -0.071945 -1.112991 -0.029540 0.976176 0.214961 103.359489 0.080118 -0.212051 0.973969 1.512037 0.000000 0.000000 0.000000 1.000000
0.989500 0.095662 -0.108348 -0.905689 -0.074691 0.980213 0.183314 108.166977 0.123740 -0.173296 0.977065 2.083634 0.000000 0.000000 0.000000 1.000000
0.984965 0.125191 -0.119045 -1.062089 -0.106816 0.982917 0.149882 111.641754 0.135775 -0.134912 0.981511 2.370279 0.000000 0.000000 0.000000 1.000000
0.986867 0.120766 -0.107281 -1.518371 -0.106529 0.985805 0.129773 113.158081 0.121430 -0.116640 0.985723 2.553759 0.000000 0.000000 0.000000 1.000000
0.993252 0.076633 -0.087052 -2.170232 -0.065676 0.990302 0.122425 112.748734 0.095590 -0.115882 0.988653 2.997916 0.000000 0.000000 0.000000 1.000000
0.998225 -0.005726 -0.059277 -2.724484 0.012474 0.993390 0.114109 109.489204 0.058232 -0.114646 0.991698 3.395380 0.000000 0.000000 0.000000 1.000000
0.994852 -0.099610 -0.018648 -3.024763 0.100955 0.990176 0.096742 103.547821 0.008828 -0.098127 0.995135 3.637053 0.000000 0.000000 0.000000 1.000000
0.983228 -0.179895 0.030022 -3.121565 0.177080 0.981021 0.078996 95.574753 -0.043663 -0.072355 0.996423 3.918647 0.000000 0.000000 0.000000 1.000000
0.970366 -0.227482 0.081497 -3.096814 0.221361 0.972091 0.077700 86.556313 -0.096898 -0.057357 0.993640 4.182066 0.000000 0.000000 0.000000 1.000000
0.965519 -0.229054 0.123722 -2.972012 0.217920 0.971110 0.097239 77.321960 -0.142420 -0.066924 0.987541 4.402892 0.000000 0.000000 0.000000 1.000000
0.972169 -0.184377 0.144540 -2.772694 0.167262 0.978229 0.122844 68.496368 -0.164043 -0.095249 0.981844 4.528454 0.000000 0.000000 0.000000 1.000000
0.984771 -0.105243 0.138381 -2.450589 0.086633 0.987154 0.134248 61.498421 -0.150732 -0.120215 0.981238 4.552897 0.000000 0.000000 0.000000 1.000000
0.993080 -0.021059 0.115536 -1.975099 0.007380 0.993037 0.117575 55.894577 -0.117208 -0.115909 0.986320 4.379317 0.000000 0.000000 0.000000 1.000000
0.994402 0.025513 0.102535 -1.363497 -0.032068 0.997511 0.062800 51.559628 -0.100678 -0.065737 0.992745 4.201124 0.000000 0.000000 0.000000 1.000000
0.992311 0.008700 0.123467 -0.781762 -0.004913 0.999509 -0.030941 49.298828 -0.123675 0.030096 0.991866 3.841538 0.000000 0.000000 0.000000 1.000000
0.981391 -0.056260 0.183591 -0.472105 0.082679 0.986753 -0.139582 49.189888 -0.173306 0.152164 0.973042 3.648161 0.000000 0.000000 0.000000 1.000000
0.955861 -0.124088 0.266331 -0.553119 0.187162 0.955893 -0.226359 50.030060 -0.226495 0.266214 0.936926 3.973084 0.000000 0.000000 0.000000 1.000000
0.921290 -0.157907 0.355375 -0.838351 0.264373 0.924507 -0.274579 50.356564 -0.285189 0.346918 0.893485 4.197772 0.000000 0.000000 0.000000 1.000000
0.886290 -0.149944 0.438185 -1.045013 0.299192 0.907579 -0.294591 50.318653 -0.353515 0.392194 0.849241 3.901973 0.000000 0.000000 0.000000 1.000000
0.862441 -0.115250 0.492862 -0.956284 0.296372 0.904338 -0.307142 50.197544 -0.410316 0.410963 0.814095 3.381762 0.000000 0.000000 0.000000 1.000000
0.865628 -0.076049 0.494878 -0.665081 0.264349 0.908826 -0.322731 50.214664 -0.425215 0.410186 0.806809 2.540750 0.000000 0.000000 0.000000 1.000000
0.901892 -0.048496 0.429231 -0.334113 0.210132 0.917435 -0.337871 50.321030 -0.377406 0.394919 0.837618 1.334327 0.000000 0.000000 0.000000 1.000000
0.953037 -0.040894 0.300081 -0.087694 0.147120 0.928590 -0.340699 50.084984 -0.264720 0.368846 0.890997 -0.154206 0.000000 0.000000 0.000000 1.000000</float_array>
        <technique_common>
          <accessor source="#mixamorig1_Hips-Matrix-animation-output-transform-array" count="31" stride="16">
            <param type="float4x4"/>
          </accessor>
        </technique_common>
      </source>
      <source id="mixamorig1_Hips-Interpolations">
        <Name_array id="mixamorig1_Hips-Interpolations-array" count="31">
 LINEAR LINEAR LINEAR LINEAR LINEAR LINEAR LINEAR LINEAR LINEAR LINEAR LINEAR
LINEAR LINEAR LINEAR LINEAR LINEAR LINEAR LINEAR LINEAR LINEAR LINEAR LINEAR LINEAR
LINEAR LINEAR LINEAR LINEAR LINEAR LINEAR LINEAR LINEAR</Name_array>
        <technique_common>
          <accessor source="#mixamorig1_Hips-Interpolations-array" count="31">
            <param type="name"/>
          </accessor>
        </technique_common>
      </source>
      <sampler id="mixamorig1_Hips-Matrix-animation-transform">
        <input semantic="INPUT" source="#mixamorig1_Hips-Matrix-animation-input"/>
        <input semantic="OUTPUT" source="#mixamorig1_Hips-Matrix-animation-output-transform"/>
        <input semantic="INTERPOLATION" source="#mixamorig1_Hips-Interpolations"/>
      </sampler>
      <channel source="#mixamorig1_Hips-Matrix-animation-transform" target="mixamorig1_Hips/matrix"/>
    </animation>
    <animation id="mixamorig1_Spine-anim" name="mixamorig1_Spine">
      <source id="mixamorig1_Spine-Matrix-animation-input">
        <float_array id="mixamorig1_Spine-Matrix-animation-input-array" count="31">

0.000000 0.033333 0.066667 0.100000 0.133333 0.166667 0.200000 0.233333 0.266667 0.300000 0.333333 0.366667 0.400000 0.433333 0.466667 0.500000
0.533333 0.566667 0.600000 0.633333 0.666667 0.700000 0.733333 0.766667 0.800000 0.833333 0.866667 0.900000 0.933333 0.966667 1.000000</float_array>
        <technique_common>
          <accessor source="#mixamorig1_Spine-Matrix-animation-input-array" count="31">
            <param name="TIME" type="float"/>
          </accessor>
        </technique_common>
      </source>
      <source id="mixamorig1_Spine-Matrix-animation-output-transform">
        <float_array id="mixamorig1_Spine-Matrix-animation-output-transform-array" count="496">

0.980572 0.008359 -0.195983 0.000000 -0.053030 0.973188 -0.223817 7.742100 0.188857 0.229861 0.954723 -0.257000 0.000000 0.000000 0.000000 1.000000
0.983842 -0.024413 -0.177368 -0.000000 -0.008092 0.983584 -0.180269 7.742100 0.178858 0.178791 0.967493 -0.257000 0.000000 0.000000 0.000000 1.000000
0.980536 -0.080716 -0.178981 0.000000 0.056597 0.989092 -0.135993 7.742100 0.188005 0.123216 0.974408 -0.257000 0.000000 0.000000 0.000000 1.000000
0.971452 -0.117298 -0.206211 0.000000 0.095479 0.989022 -0.112782 7.742100 0.217176 0.089873 0.971986 -0.257000 0.000000 0.000000 0.000000 1.000000
0.965153 -0.092117 -0.244936 0.000000 0.064066 0.990688 -0.120135 7.742100 0.253722 0.100256 0.962068 -0.257000 0.000000 0.000000 0.000000 1.000000
0.963039 -0.019397 -0.268663 -0.000000 -0.021673 0.988591 -0.149059 7.742100 0.268489 0.149373 0.951631 -0.257000 0.000000 0.000000 0.000000 1.000000
0.968388 0.053251 -0.243699 0.000000 -0.101041 0.976952 -0.188031 7.742100 0.228069 0.206710 0.951449 -0.257000 0.000000 0.000000 0.000000 1.000000
0.976986 0.057575 -0.205385 0.000000 -0.105665 0.967071 -0.231537 7.742100 0.185291 0.247911 0.950898 -0.257000 0.000000 0.000000 0.000000 1.000000
0.985807 0.002275 -0.167867 0.000000 -0.047961 0.962053 -0.268615 7.742100 0.160886 0.272853 0.948508 -0.257000 0.000000 0.000000 0.000000 1.000000
0.987943 -0.062954 -0.141438 0.000000 0.018025 0.954148 -0.298791 7.742100 0.153763 0.292639 0.943779 -0.257000 0.000000 0.000000 0.000000 1.000000
0.987100 -0.096442 -0.127800 0.000000 0.050025 0.944039 -0.326018 7.742100 0.152090 0.315420 0.936685 -0.257000 0.000000 0.000000 0.000000 1.000000
0.988329 -0.087310 -0.124833 0.000000 0.038939 0.937026 -0.347082 7.742100 0.147276 0.338170 0.929490 -0.257000 0.000000 0.000000 0.000000 1.000000
0.990281 -0.036814 -0.134120 0.000000 -0.012821 0.936062 -0.351600 7.742100 0.138488 0.349903 0.926493 -0.257000 0.000000 0.000000 0.000000 1.000000
0.985757 0.041891 -0.162873 -0.000000 -0.094812 0.938326 -0.332498 7.742100 0.138899 0.343205 0.928933 -0.257000 0.000000 0.000000 0.000000 1.000000
0.973362 0.116684 -0.197359 0.000000 -0.171860 0.941098 -0.291200 7.742100 0.151756 0.317362 0.936083 -0.257000 0.000000 0.000000 0.000000 1.000000
0.963742 0.168615 -0.206811 0.000000 -0.217338 0.945679 -0.241777 7.742100 0.154810 0.277959 0.948036 -0.257000 0.000000 0.000000 0.000000 1.000000
0.966391 0.187548 -0.175822 -0.000000 -0.222390 0.952988 -0.205808 7.742100 0.128958 0.237993 0.962668 -0.257000 0.000000 0.000000 0.000000 1.000000
0.980073 0.167298 -0.107089 -0.000000 -0.185772 0.962849 -0.195984 7.742100 0.070323 0.211973 0.974742 -0.257000 0.000000 0.000000 0.000000 1.000000
0.994090 0.106862 -0.019103 0.000000 -0.108491 0.971911 -0.208852 7.742100 -0.003752 0.209690 0.977761 -0.257000 0.000000 0.000000 0.000000 1.000000
0.997640 0.012635 0.067490 0.000000 0.003154 0.973452 -0.228871 7.742100 -0.068590 0.228544 0.971114 -0.257000 0.000000 0.000000 0.000000 1.000000
0.986483 -0.088732 0.137760 0.000000 0.119815 0.964092 -0.237004 7.742100 -0.111784 0.250306 0.961692 -0.257000 0.000000 0.000000 0.000000 1.000000
0.971308 -0.150702 0.183981 0.000000 0.190761 0.955667 -0.224301 7.742100 -0.142022 0.252962 0.956995 -0.257000 0.000000 0.000000 0.000000 1.000000
0.969871 -0.135762 0.202282 0.000000 0.175959 0.964638 -0.196246 7.742100 -0.168486 0.225927 0.959463 -0.257000 0.000000 0.000000 0.000000 1.000000
0.982474 -0.046344 0.180544 0.000000 0.076701 0.983309 -0.164984 7.742100 -0.169885 0.175940 0.969631 -0.257000 0.000000 0.000000 0.000000 1.000000
0.991858 0.069325 0.106830 -0.000000 -0.054820 0.989573 -0.133195 7.742100 -0.114950 0.126254 0.985315 -0.257000 0.000000 0.000000 0.000000 1.000000
0.988675 0.149367 -0.014533 0.000000 -0.150070 0.983442 -0.101593 7.742100 -0.000882 0.102624 0.994720 -0.257000 0.000000 0.000000 0.000000 1.000000
0.974735 0.161304 -0.154510 -0.000000 -0.176210 0.980401 -0.088118 7.742100 0.137268 0.113118 0.984054 -0.257000 0.000000 0.000000 0.000000 1.000000
0.957003 0.115491 -0.266096 -0.000000 -0.149240 0.982635 -0.110254 7.742100 0.248742 0.145225 0.957621 -0.257000 0.000000 0.000000 0.000000 1.000000
0.949191 0.052814 -0.310238 -0.000000 -0.104789 0.982602 -0.153335 7.742100 0.296742 0.178054 0.938211 -0.257000 0.000000 0.000000 0.000000 1.000000
0.960167 0.011672 -0.279181 -0.000000 -0.068215 0.978689 -0.193689 7.742100 0.270971 0.205018 0.940501 -0.257000 0.000000 0.000000 0.000000 1.000000
0.980572 0.008359 -0.195983 0.000000 -0.053030 0.973188 -0.223816 7.742100 0.188857 0.229861 0.954724 -0.257000 0.000000 0.000000 0.000000 1.000000</float_array>
        <technique_common>
          <accessor source="#mixamorig1_Spine-Matrix-animation-output-transform-array" count="31" stride="16">
            <param type="float4x4"/>
          </accessor>
        </technique_common>
      </source>
      <source id="mixamorig1_Spine-Interpolations">
        <Name_array id="mixamorig1_Spine-Interpolations-array" count="31">
 LINEAR LINEAR LINEAR LINEAR LINEAR LINEAR LINEAR LINEAR LINEAR LINEAR LINEAR
LINEAR LINEAR LINEAR LINEAR LINEAR LINEAR LINEAR LINEAR LINEAR LINEAR LINEAR LINEAR
LINEAR LINEAR LINEAR LINEAR LINEAR LINEAR LINEAR LINEAR</Name_array>
        <technique_common>
          <accessor source="#mixamorig1_Spine-Interpolations-array" count="31">
            <param type="name"/>
          </accessor>
        </technique_common>
      </source>
      <sampler id="mixamorig1_Spine-Matrix-animation-transform">
        <input semantic="INPUT" source="#mixamorig1_Spine-Matrix-animation-input"/>
        <input semantic="OUTPUT" source="#mixamorig1_Spine-Matrix-animation-output-transform"/>
        <input semantic="INTERPOLATION" source="#mixamorig1_Spine-Interpolations"/>
      </sampler>
      <channel source="#mixamorig1_Spine-Matrix-animation-transform" target="mixamorig1_Spine/matrix"/>
    </animation>
    <animation id="mixamorig1_Spine1-anim" name="mixamorig1_Spine1">
      <source id="mixamorig1_Spine1-Matrix-animation-input">
        <float_array id="mixamorig1_Spine1-Matrix-animation-input-array" count="31">

0.000000 0.033333 0.066667 0.100000 0.133333 0.166667 0.200000 0.233333 0.266667 0.300000 0.333333 0.366667 0.400000 0.433333 0.466667 0.500000
0.533333 0.566667 0.600000 0.633333 0.666667 0.700000 0.733333 0.766667 0.800000 0.833333 0.866667 0.900000 0.933333 0.966667 1.000000</float_array>
        <technique_common>
          <accessor source="#mixamorig1_Spine1-Matrix-animation-input-array" count="31">
            <param name="TIME" type="float"/>
          </accessor>
        </technique_common>
      </source>
      <source id="mixamorig1_Spine1-Matrix-animation-output-transform">
        <float_array id="mixamorig1_Spine1-Matrix-animation-output-transform-array" count="496">

0.998511 0.014282 -0.052649 0.000000 -0.015331 0.999691 -0.019569 9.037500 0.052353 0.020347 0.998421 -0.000000 0.000000 0.000000 0.000000 1.000000
0.999386 -0.018672 -0.029652 0.000000 0.018486 0.999808 -0.006536 9.037500 0.029768 0.005983 0.999539 0.000000 0.000000 0.000000 0.000000 1.000000
0.996810 -0.078987 -0.011462 0.000000 0.079285 0.996446 0.028453 9.037500 0.009174 -0.029271 0.999529 0.000000 0.000000 0.000000 0.000000 1.000000
0.990382 -0.138361 0.000325 -0.000000 0.138069 0.988434 0.062737 9.037500 -0.009002 -0.062089 0.998030 0.000000 0.000000 0.000000 0.000000 1.000000
0.985796 -0.167751 0.008115 0.000000 0.166761 0.983422 0.071212 9.037500 -0.019927 -0.068847 0.997428 0.000000 0.000000 0.000000 0.000000 1.000000
0.986728 -0.161648 0.015429 -0.000000 0.160842 0.986001 0.043948 9.037500 -0.022317 -0.040883 0.998915 0.000000 0.000000 0.000000 0.000000 1.000000
0.990113 -0.138597 0.021597 0.000000 0.138848 0.990257 -0.010583 9.037500 -0.019920 0.013477 0.999711 -0.000000 0.000000 0.000000 0.000000 1.000000
0.992939 -0.116454 0.022596 0.000000 0.117860 0.990076 -0.076547 9.037500 -0.013457 0.078669 0.996810 0.000000 0.000000 0.000000 0.000000 1.000000
0.995114 -0.097301 0.016776 -0.000000 0.098698 0.984989 -0.141616 9.037500 -0.002744 0.142579 0.989780 -0.000000 0.000000 0.000000 0.000000 1.000000
0.997046 -0.076440 0.007559 -0.000000 0.076409 0.976926 -0.199441 9.037500 0.007861 0.199430 0.979881 0.000000 0.000000 0.000000 0.000000 1.000000
0.998493 -0.054867 0.000642 0.000000 0.053344 0.967904 -0.245595 9.037500 0.012854 0.245259 0.969372 0.000000 0.000000 0.000000 0.000000 1.000000
0.999310 -0.037151 -0.000247 0.000000 0.035664 0.961130 -0.273784 9.037500 0.010409 0.273586 0.961791 0.000000 0.000000 0.000000 0.000000 1.000000
0.999720 -0.023242 0.004504 0.000000 0.023581 0.960761 -0.276373 9.037500 0.002096 0.276402 0.961040 0.000000 0.000000 0.000000 0.000000 1.000000
0.999883 -0.010603 0.011021 0.000000 0.013076 0.966437 -0.256572 9.037500 -0.007931 0.256686 0.966462 0.000000 0.000000 0.000000 0.000000 1.000000
0.999898 0.002021 0.014174 0.000000 0.001162 0.975267 -0.221026 9.037500 -0.014270 0.221020 0.975165 0.000000 0.000000 0.000000 0.000000 1.000000
0.999854 0.012464 0.011729 0.000000 -0.010171 0.983891 -0.178478 9.037500 -0.013764 0.178333 0.983874 0.000000 0.000000 0.000000 0.000000 1.000000
0.999823 0.017679 0.006387 -0.000000 -0.016579 0.989498 -0.143591 9.037500 -0.008859 0.143459 0.989617 0.000000 0.000000 0.000000 0.000000 1.000000
0.999840 0.017691 0.002678 0.000000 -0.017199 0.991518 -0.128825 9.037500 -0.004934 0.128758 0.991664 -0.000000 0.000000 0.000000 0.000000 1.000000
0.999891 0.014629 0.002118 -0.000000 -0.014209 0.990733 -0.135081 9.037500 -0.004075 0.135036 0.990832 -0.000000 0.000000 0.000000 0.000000 1.000000
0.999942 0.010457 0.002618 0.000000 -0.009954 0.988901 -0.148245 9.037500 -0.004139 0.148210 0.988947 -0.000000 0.000000 0.000000 0.000000 1.000000
0.999976 0.006510 0.002467 0.000000 -0.006073 0.988957 -0.148075 9.037500 -0.003403 0.148056 0.988973 0.000000 0.000000 0.000000 0.000000 1.000000
0.999990 0.003568 0.002787 0.000000 -0.003194 0.992244 -0.124263 9.037500 -0.003209 0.124252 0.992245 -0.000000 0.000000 0.000000 0.000000 1.000000
0.999984 0.002894 0.004803 0.000000 -0.002506 0.996892 -0.078740 9.037500 -0.005016 0.078727 0.996884 -0.000000 0.000000 0.000000 0.000000 1.000000
0.999967 0.005593 0.005835 0.000000 -0.005463 0.999740 -0.022134 9.037500 -0.005957 0.022101 0.999738 0.000000 0.000000 0.000000 0.000000 1.000000
0.999933 0.011577 0.000958 0.000000 -0.011602 0.999376 0.033349 9.037500 -0.000571 -0.033358 0.999443 -0.000000 0.000000 0.000000 0.000000 1.000000
0.999763 0.018588 -0.011299 -0.000000 -0.017662 0.996865 0.077122 9.037500 0.012697 -0.076905 0.996958 0.000000 0.000000 0.000000 0.000000 1.000000
0.999377 0.022744 -0.026974 0.000000 -0.019978 0.994914 0.098729 9.037500 0.029082 -0.098129 0.994749 0.000000 0.000000 0.000000 0.000000 1.000000
0.998953 0.021308 -0.040472 0.000000 -0.017605 0.995809 0.089749 9.037500 0.042215 -0.088943 0.995142 0.000000 0.000000 0.000000 0.000000 1.000000
0.998661 0.017488 -0.048688 -0.000000 -0.014592 0.998139 0.059215 9.037500 0.049633 -0.058425 0.997057 0.000000 0.000000 0.000000 0.000000 1.000000
0.998533 0.014645 -0.052129 0.000000 -0.013656 0.999721 0.019282 9.037500 0.052397 -0.018542 0.998454 0.000000 0.000000 0.000000 0.000000 1.000000
0.998511 0.014282 -0.052649 0.000000 -0.015331 0.999691 -0.019569 9.037500 0.052353 0.020347 0.998421 0.000000 0.000000 0.000000 0.000000 1.000000</float_array>
        <technique_common>
          <accessor source="#mixamorig1_Spine1-Matrix-animation-output-transform-array" count="31" stride="16">
            <param type="float4x4"/>
          </accessor>
        </technique_common>
      </source>
      <source id="mixamorig1_Spine1-Interpolations">
        <Name_array id="mixamorig1_Spine1-Interpolations-array" count="31">
 LINEAR LINEAR LINEAR LINEAR LINEAR LINEAR LINEAR LINEAR LINEAR LINEAR LINEAR
LINEAR LINEAR LINEAR LINEAR LINEAR LINEAR LINEAR LINEAR LINEAR LINEAR LINEAR LINEAR
LINEAR LINEAR LINEAR LINEAR LINEAR LINEAR LINEAR LINEAR</Name_array>
        <technique_common>
          <accessor source="#mixamorig1_Spine1-Interpolations-array" count="31">
            <param type="name"/>
          </accessor>
        </technique_common>
      </source>
      <sampler id="mixamorig1_Spine1-Matrix-animation-transform">
        <input semantic="INPUT" source="#mixamorig1_Spine1-Matrix-animation-input"/>
        <input semantic="OUTPUT" source="#mixamorig1_Spine1-Matrix-animation-output-transform"/>
        <input semantic="INTERPOLATION" source="#mixamorig1_Spine1-Interpolations"/>
      </sampler>
      <channel source="#mixamorig1_Spine1-Matrix-animation-transform" target="mixamorig1_Spine1/matrix"/>
    </animation>
    <animation id="mixamorig1_Spine2-anim" name="mixamorig1_Spine2">
      <source id="mixamorig1_Spine2-Matrix-animation-input">
        <float_array id="mixamorig1_Spine2-Matrix-animation-input-array" count="31">

0.000000 0.033333 0.066667 0.100000 0.133333 0.166667 0.200000 0.233333 0.266667 0.300000 0.333333 0.366667 0.400000 0.433333 0.466667 0.500000
0.533333 0.566667 0.600000 0.633333 0.666667 0.700000 0.733333 0.766667 0.800000 0.833333 0.866667 0.900000 0.933333 0.966667 1.000000</float_array>
        <technique_common>
          <accessor source="#mixamorig1_Spine2-Matrix-animation-input-array" count="31">
            <param name="TIME" type="float"/>
          </accessor>
        </technique_common>
      </source>
      <source id="mixamorig1_Spine2-Matrix-animation-output-transform">
        <float_array id="mixamorig1_Spine2-Matrix-animation-output-transform-array" count="496">

0.998552 0.013902 -0.051964 0.000000 -0.014969 0.999684 -0.020193 10.328500 0.051666 0.020942 0.998445 0.000000 0.000000 0.000000 0.000000 1.000000
0.999421 -0.018385 -0.028639 -0.000000 0.017607 0.999476 -0.027178 10.328500 0.029124 0.026658 0.999220 0.000000 0.000000 0.000000 0.000000 1.000000
0.996830 -0.079115 -0.008402 -0.000000 0.078935 0.996681 -0.019898 10.328500 0.009948 0.019172 0.999767 0.000000 0.000000 0.000000 0.000000 1.000000
0.990242 -0.139238 0.005854 -0.000000 0.139313 0.990131 -0.015220 10.328500 -0.003677 0.015887 0.999867 0.000000 0.000000 0.000000 0.000000 1.000000
0.985565 -0.168643 0.014894 0.000000 0.169041 0.985105 -0.031521 10.328500 -0.009356 0.033584 0.999392 0.000000 0.000000 0.000000 0.000000 1.000000
0.986688 -0.161170 0.021710 0.000000 0.162372 0.983781 -0.076229 10.328500 -0.009073 0.078739 0.996854 0.000000 0.000000 0.000000 0.000000 1.000000
0.990384 -0.135741 0.026729 0.000000 0.138180 0.980050 -0.142861 10.328500 -0.006804 0.145180 0.989382 0.000000 0.000000 0.000000 0.000000 1.000000
0.993393 -0.111507 0.027125 0.000000 0.114741 0.969255 -0.217667 10.328500 -0.002019 0.219341 0.975646 -0.000000 0.000000 0.000000 0.000000 1.000000
0.995548 -0.091789 0.021446 -0.000000 0.094065 0.952757 -0.288800 10.328500 0.006076 0.289531 0.957149 0.000000 0.000000 0.000000 0.000000 1.000000
0.997328 -0.071939 0.012688 -0.000000 0.071817 0.933839 -0.350410 10.328500 0.013359 0.350385 0.936510 0.000000 0.000000 0.000000 0.000000 1.000000
0.998646 -0.051669 0.006094 0.000000 0.049803 0.915484 -0.399260 10.328500 0.015051 0.399022 0.916818 0.000000 0.000000 0.000000 0.000000 1.000000
0.999409 -0.034032 0.004824 0.000000 0.032806 0.902548 -0.429337 10.328500 0.010258 0.429242 0.903131 -0.000000 0.000000 0.000000 0.000000 1.000000
0.999795 -0.018680 0.007822 0.000000 0.020227 0.902069 -0.431118 10.328500 0.000998 0.431188 0.902262 0.000000 0.000000 0.000000 0.000000 1.000000
0.999922 -0.004702 0.011606 0.000000 0.009002 0.914150 -0.405276 10.328500 -0.008704 0.405349 0.914121 0.000000 0.000000 0.000000 0.000000 1.000000
0.999899 0.007323 0.012201 0.000000 -0.002498 0.934429 -0.356141 10.328500 -0.014009 0.356074 0.934353 0.000000 0.000000 0.000000 0.000000 1.000000
0.999851 0.014896 0.008668 0.000000 -0.011713 0.956277 -0.292229 10.328500 -0.012642 0.292084 0.956309 -0.000000 0.000000 0.000000 0.000000 1.000000
0.999860 0.016193 0.004322 0.000000 -0.014753 0.972732 -0.231461 10.328500 -0.007952 0.231364 0.972835 0.000000 0.000000 0.000000 0.000000 1.000000
0.999912 0.012910 0.003031 -0.000000 -0.012087 0.981277 -0.192222 10.328500 -0.005456 0.192168 0.981347 0.000000 0.000000 0.000000 0.000000 1.000000
0.999955 0.008051 0.004951 0.000000 -0.006978 0.982179 -0.187821 10.328500 -0.006375 0.187778 0.982191 0.000000 0.000000 0.000000 0.000000 1.000000
0.999970 0.003415 0.007008 -0.000000 -0.001894 0.978451 -0.206472 10.328500 -0.007562 0.206453 0.978427 0.000000 0.000000 0.000000 0.000000 1.000000
0.999974 -0.000309 0.007184 -0.000000 0.001908 0.974668 -0.223649 10.328500 -0.006933 0.223656 0.974643 0.000000 0.000000 0.000000 0.000000 1.000000
0.999971 -0.002811 0.007030 -0.000000 0.004308 0.974809 -0.222999 10.328500 -0.006226 0.223022 0.974793 0.000000 0.000000 0.000000 0.000000 1.000000
0.999962 -0.002834 0.008232 0.000000 0.004427 0.979700 -0.200420 10.328500 -0.007497 0.200449 0.979675 0.000000 0.000000 0.000000 0.000000 1.000000
0.999967 0.000397 0.008095 0.000000 0.000923 0.986721 -0.162424 10.328500 -0.008052 0.162426 0.986688 -0.000000 0.000000 0.000000 0.000000 1.000000
0.999981 0.005949 0.001386 0.000000 -0.005741 0.992856 -0.119178 10.328500 -0.002085 0.119168 0.992872 0.000000 0.000000 0.000000 0.000000 1.000000
0.999849 0.011337 -0.013138 0.000000 -0.012351 0.996727 -0.079897 10.328500 0.012189 0.080047 0.996717 0.000000 0.000000 0.000000 0.000000 1.000000
0.999444 0.013779 -0.030365 0.000000 -0.015391 0.998450 -0.053481 10.328500 0.029581 0.053919 0.998107 0.000000 0.000000 0.000000 0.000000 1.000000
0.998980 0.012404 -0.043418 0.000000 -0.013997 0.999233 -0.036582 10.328500 0.042931 0.037152 0.998387 0.000000 0.000000 0.000000 0.000000 1.000000
0.998676 0.011495 -0.050144 0.000000 -0.012294 0.999802 -0.015658 10.328500 0.049955 0.016254 0.998619 0.000000 0.000000 0.000000 0.000000 1.000000
0.998562 0.012327 -0.052166 0.000000 -0.012578 0.999911 -0.004475 10.328500 0.052106 0.005125 0.998628 0.000000 0.000000 0.000000 0.000000 1.000000
0.998552 0.013902 -0.051963 -0.000000 -0.014969 0.999684 -0.020193 10.328500 0.051666 0.020942 0.998445 -0.000000 0.000000 0.000000 0.000000 1.000000</float_array>
        <technique_common>
          <accessor source="#mixamorig1_Spine2-Matrix-animation-output-transform-array" count="31" stride="16">
            <param type="float4x4"/>
          </accessor>
        </technique_common>
      </source>
      <source id="mixamorig1_Spine2-Interpolations">
        <Name_array id="mixamorig1_Spine2-Interpolations-array" count="31">
 LINEAR LINEAR LINEAR LINEAR LINEAR LINEAR LINEAR LINEAR LINEAR LINEAR LINEAR
LINEAR LINEAR LINEAR LINEAR LINEAR LINEAR LINEAR LINEAR LINEAR LINEAR LINEAR LINEAR
LINEAR LINEAR LINEAR LINEAR LINEAR LINEAR LINEAR LINEAR</Name_array>
        <technique_common>
          <accessor source="#mixamorig1_Spine2-Interpolations-array" count="31">
            <param type="name"/>
          </accessor>
        </technique_common>
      </source>
      <sampler id="mixamorig1_Spine2-Matrix-animation-transform">
        <input semantic="INPUT" source="#mixamorig1_Spine2-Matrix-animation-input"/>
        <input semantic="OUTPUT" source="#mixamorig1_Spine2-Matrix-animation-output-transform"/>
        <input semantic="INTERPOLATION" source="#mixamorig1_Spine2-Interpolations"/>
      </sampler>
      <channel source="#mixamorig1_Spine2-Matrix-animation-transform" target="mixamorig1_Spine2/matrix"/>
    </animation>
    <animation id="mixamorig1_Neck-anim" name="mixamorig1_Neck">
      <source id="mixamorig1_Neck-Matrix-animation-input">
        <float_array id="mixamorig1_Neck-Matrix-animation-input-array" count="31">

0.000000 0.033333 0.066667 0.100000 0.133333 0.166667 0.200000 0.233333 0.266667 0.300000 0.333333 0.366667 0.400000 0.433333 0.466667 0.500000
0.533333 0.566667 0.600000 0.633333 0.666667 0.700000 0.733333 0.766667 0.800000 0.833333 0.866667 0.900000 0.933333 0.966667 1.000000</float_array>
        <technique_common>
          <accessor source="#mixamorig1_Neck-Matrix-animation-input-array" count="31">
            <param name="TIME" type="float"/>
          </accessor>
        </technique_common>
      </source>
      <source id="mixamorig1_Neck-Matrix-animation-output-transform">
        <float_array id="mixamorig1_Neck-Matrix-animation-output-transform-array" count="496">

0.999269 0.023759 0.029938 0.000000 -0.026527 0.995052 0.095747 11.619600 -0.027515 -0.096472 0.994955 0.000000 0.000000 0.000000 0.000000 1.000000
0.999148 0.027136 0.031111 0.000000 -0.030449 0.993299 0.111490 11.619600 -0.027877 -0.112342 0.993278 -0.000000 0.000000 0.000000 0.000000 1.000000
0.997666 0.061026 0.030636 -0.000000 -0.063853 0.992746 0.101870 11.619600 -0.024197 -0.103588 0.994326 0.000000 0.000000 0.000000 0.000000 1.000000
0.993967 0.106475 0.026332 0.000000 -0.108050 0.991804 0.068197 11.619600 -0.018855 -0.070631 0.997324 0.000000 0.000000 0.000000 0.000000 1.000000
0.990502 0.136466 0.016826 0.000000 -0.136864 0.990265 0.025360 11.619600 -0.013201 -0.027422 0.999537 -0.000000 0.000000 0.000000 0.000000 1.000000
0.990624 0.136553 0.004152 0.000000 -0.136520 0.990610 -0.007363 11.619600 -0.005118 0.006727 0.999964 0.000000 0.000000 0.000000 0.000000 1.000000
0.993204 0.116237 -0.005878 0.000000 -0.116343 0.992939 -0.023145 11.619600 0.003146 0.023672 0.999715 -0.000000 0.000000 0.000000 0.000000 1.000000
0.995412 0.095377 -0.007628 0.000000 -0.095562 0.994989 -0.029411 11.619600 0.004784 0.030005 0.999538 0.000000 0.000000 0.000000 0.000000 1.000000
0.996419 0.084553 -0.000902 0.000000 -0.084531 0.995773 -0.035933 11.619600 -0.002140 0.035880 0.999354 0.000000 0.000000 0.000000 0.000000 1.000000
0.996744 0.080179 0.008575 0.000000 -0.079719 0.995811 -0.044776 11.619600 -0.012129 0.043946 0.998960 0.000000 0.000000 0.000000 0.000000 1.000000
0.997130 0.074362 0.014208 0.000000 -0.073535 0.995947 -0.051789 11.619600 -0.018002 0.050595 0.998557 0.000000 0.000000 0.000000 0.000000 1.000000
0.997808 0.064737 0.013742 0.000000 -0.063896 0.996457 -0.054696 11.619600 -0.017234 0.053698 0.998408 0.000000 0.000000 0.000000 0.000000 1.000000
0.998433 0.055097 0.009813 -0.000000 -0.054450 0.996882 -0.057109 11.619600 -0.012929 0.056485 0.998320 0.000000 0.000000 0.000000 0.000000 1.000000
0.998770 0.049129 0.006638 0.000000 -0.048550 0.996397 -0.069542 11.619600 -0.010031 0.069134 0.997557 -0.000000 0.000000 0.000000 0.000000 1.000000
0.998895 0.046670 0.005501 0.000000 -0.045884 0.993898 -0.100309 11.619600 -0.010149 0.099946 0.994941 0.000000 0.000000 0.000000 0.000000 1.000000
0.999006 0.044389 0.004017 0.000000 -0.043281 0.987678 -0.150394 11.619600 -0.010643 0.150071 0.988618 0.000000 0.000000 0.000000 0.000000 1.000000
0.999198 0.040046 -0.000714 0.000000 -0.039286 0.976453 -0.212125 11.619600 -0.007798 0.211983 0.977242 0.000000 0.000000 0.000000 0.000000 1.000000
0.999269 0.037124 -0.009083 0.000000 -0.038200 0.962555 -0.268381 11.619600 -0.001220 0.268532 0.963270 0.000000 0.000000 0.000000 0.000000 1.000000
0.998889 0.043437 -0.018298 0.000000 -0.046926 0.952926 -0.299549 11.619600 0.004425 0.300075 0.953905 0.000000 0.000000 0.000000 0.000000 1.000000
0.997707 0.063128 -0.024424 0.000000 -0.067523 0.953408 -0.294029 11.619600 0.004725 0.295004 0.955484 -0.000000 0.000000 0.000000 0.000000 1.000000
0.995647 0.089649 -0.025502 -0.000000 -0.093188 0.962829 -0.253529 11.619600 0.001825 0.254802 0.966992 0.000000 0.000000 0.000000 0.000000 1.000000
0.993822 0.108516 -0.023263 0.000000 -0.110959 0.975810 -0.188370 11.619600 0.002259 0.189788 0.981823 0.000000 0.000000 0.000000 0.000000 1.000000
0.993779 0.109256 -0.021598 -0.000000 -0.110930 0.988295 -0.104727 11.619600 0.009903 0.106471 0.994266 0.000000 0.000000 0.000000 0.000000 1.000000
0.995328 0.093910 -0.022417 -0.000000 -0.093988 0.995570 -0.002461 11.619600 0.022086 0.004557 0.999746 0.000000 0.000000 0.000000 0.000000 1.000000
0.996968 0.074119 -0.023670 -0.000000 -0.071030 0.991169 0.111974 11.619600 0.031760 -0.109953 0.993429 -0.000000 0.000000 0.000000 0.000000 1.000000
0.997928 0.060572 -0.021717 0.000000 -0.054558 0.975414 0.213522 11.619600 0.034116 -0.211895 0.976697 0.000000 0.000000 0.000000 0.000000 1.000000
0.998350 0.055445 -0.014913 0.000000 -0.049427 0.962111 0.268142 11.619600 0.029215 -0.266962 0.963264 0.000000 0.000000 0.000000 0.000000 1.000000
0.998556 0.053542 -0.004409 -0.000000 -0.050580 0.964621 0.258745 11.619600 0.018107 -0.258148 0.965936 0.000000 0.000000 0.000000 0.000000 1.000000
0.998767 0.049098 0.007308 -0.000000 -0.049557 0.977770 0.203738 11.619600 0.002858 -0.203849 0.978998 0.000000 0.000000 0.000000 0.000000 1.000000
0.999056 0.039125 0.018860 0.000000 -0.041378 0.989359 0.139489 11.619600 -0.013201 -0.140138 0.990044 -0.000000 0.000000 0.000000 0.000000 1.000000
0.999269 0.023759 0.029938 0.000000 -0.026527 0.995052 0.095747 11.619600 -0.027515 -0.096471 0.994955 0.000000 0.000000 0.000000 0.000000 1.000000</float_array>
        <technique_common>
          <accessor source="#mixamorig1_Neck-Matrix-animation-output-transform-array" count="31" stride="16">
            <param type="float4x4"/>
          </accessor>
        </technique_common>
      </source>
      <source id="mixamorig1_Neck-Interpolations">
        <Name_array id="mixamorig1_Neck-Interpolations-array" count="31">
 LINEAR LINEAR LINEAR LINEAR LINEAR LINEAR LINEAR LINEAR LINEAR LINEAR LINEAR
LINEAR LINEAR LINEAR LINEAR LINEAR LINEAR LINEAR LINEAR LINEAR LINEAR LINEAR LINEAR
LINEAR LINEAR LINEAR LINEAR LINEAR LINEAR LINEAR LINEAR</Name_array>
        <technique_common>
          <accessor source="#mixamorig1_Neck-Interpolations-array" count="31">
            <param type="name"/>
          </accessor>
        </technique_common>
      </source>
      <sampler id="mixamorig1_Neck-Matrix-animation-transform">
        <input semantic="INPUT" source="#mixamorig1_Neck-Matrix-animation-input"/>
        <input semantic="OUTPUT" source="#mixamorig1_Neck-Matrix-animation-output-transform"/>
        <input semantic="INTERPOLATION" source="#mixamorig1_Neck-Interpolations"/>
      </sampler>
      <channel source="#mixamorig1_Neck-Matrix-animation-transform" target="mixamorig1_Neck/matrix"/>
    </animation>
    <animation id="mixamorig1_Head-anim" name="mixamorig1_Head">
      <source id="mixamorig1_Head-Matrix-animation-input">
        <float_array id="mixamorig1_Head-Matrix-animation-input-array" count="31">

0.000000 0.033333 0.066667 0.100000 0.133333 0.166667 0.200000 0.233333 0.266667 0.300000 0.333333 0.366667 0.400000 0.433333 0.466667 0.500000
0.533333 0.566667 0.600000 0.633333 0.666667 0.700000 0.733333 0.766667 0.800000 0.833333 0.866667 0.900000 0.933333 0.966667 1.000000</float_array>
        <technique_common>
          <accessor source="#mixamorig1_Head-Matrix-animation-input-array" count="31">
            <param name="TIME" type="float"/>
          </accessor>
        </technique_common>
      </source>
      <source id="mixamorig1_Head-Matrix-animation-output-transform">
        <float_array id="mixamorig1_Head-Matrix-animation-output-transform-array" count="496">

0.999297 0.020331 0.031501 -0.000000 -0.024218 0.991428 0.128391 17.535000 -0.028621 -0.129064 0.991223 1.103100 0.000000 0.000000 0.000000 1.000000
0.999085 0.017571 0.038989 0.000000 -0.018792 0.999337 0.031197 17.535000 -0.038415 -0.031901 0.998753 1.103100 0.000000 0.000000 0.000000 1.000000
0.998349 0.043563 0.037430 -0.000000 -0.038685 0.991726 -0.122405 17.535000 -0.042453 0.120755 0.991774 1.103100 0.000000 0.000000 0.000000 1.000000
0.996393 0.080612 0.026507 0.000000 -0.069970 0.957204 -0.280828 17.535000 -0.048010 0.277960 0.959392 1.103100 0.000000 0.000000 0.000000 1.000000
0.994553 0.103689 0.010630 -0.000000 -0.091746 0.919244 -0.382849 17.535000 -0.049469 0.379789 0.923750 1.103100 0.000000 0.000000 0.000000 1.000000
0.994957 0.100258 -0.003113 0.000000 -0.092922 0.909579 -0.405008 17.535000 -0.037774 0.403255 0.914308 1.103100 0.000000 0.000000 0.000000 1.000000
0.996670 0.080924 -0.010043 0.000000 -0.078969 0.927124 -0.366340 17.535000 -0.020335 0.365913 0.930427 1.103100 0.000000 0.000000 0.000000 1.000000
0.997820 0.065237 -0.009969 -0.000000 -0.065228 0.951980 -0.299131 17.535000 -0.010024 0.299129 0.954160 1.103100 0.000000 0.000000 0.000000 1.000000
0.998066 0.061889 -0.005904 -0.000000 -0.061628 0.972394 -0.225059 17.535000 -0.008188 0.224988 0.974327 1.103100 0.000000 0.000000 0.000000 1.000000
0.997903 0.064705 -0.001861 0.000000 -0.064232 0.986228 -0.152412 17.535000 -0.008026 0.152212 0.988315 1.103100 0.000000 0.000000 0.000000 1.000000
0.997957 0.063882 -0.001022 -0.000000 -0.063723 0.994053 -0.088305 17.535000 -0.004625 0.088189 0.996093 1.103100 0.000000 0.000000 0.000000 1.000000
0.998386 0.056651 -0.003968 0.000000 -0.056771 0.997434 -0.043609 17.535000 0.001487 0.043763 0.999041 1.103100 0.000000 0.000000 0.000000 1.000000
0.998829 0.047703 -0.008025 -0.000000 -0.047893 0.998529 -0.025421 17.535000 0.006800 0.025775 0.999645 1.103100 0.000000 0.000000 0.000000 1.000000
0.999079 0.042095 -0.008305 -0.000000 -0.042371 0.998439 -0.036393 17.535000 0.006761 0.036711 0.999303 1.103100 0.000000 0.000000 0.000000 1.000000
0.999162 0.040809 -0.003246 0.000000 -0.040937 0.996507 -0.072794 17.535000 0.000264 0.072866 0.997342 1.103100 0.000000 0.000000 0.000000 1.000000
0.999156 0.040917 0.003564 0.000000 -0.040121 0.990894 -0.128526 17.535000 -0.008790 0.128274 0.991700 1.103100 0.000000 0.000000 0.000000 1.000000
0.999189 0.039598 0.007330 -0.000000 -0.037412 0.980112 -0.194885 17.535000 -0.014901 0.194452 0.980799 1.103100 0.000000 0.000000 0.000000 1.000000
0.999214 0.039171 0.006000 0.000000 -0.036361 0.966461 -0.254225 17.535000 -0.015757 0.253807 0.967127 1.103100 0.000000 0.000000 0.000000 1.000000
0.998913 0.046585 0.001304 0.000000 -0.044265 0.957181 -0.286087 17.535000 -0.014575 0.285718 0.958203 1.103100 0.000000 0.000000 0.000000 1.000000
0.997817 0.065937 -0.003733 0.000000 -0.064311 0.957239 -0.282061 17.535000 -0.015024 0.281685 0.959389 1.103100 0.000000 0.000000 0.000000 1.000000
0.995810 0.091111 -0.007764 0.000000 -0.090109 0.963318 -0.252783 17.535000 -0.015552 0.252423 0.967492 1.103100 0.000000 0.000000 0.000000 1.000000
0.994096 0.107863 -0.011746 0.000000 -0.107817 0.969883 -0.218410 17.535000 -0.012166 0.218387 0.975786 1.103100 0.000000 0.000000 0.000000 1.000000
0.994244 0.105715 -0.017425 -0.000000 -0.107103 0.976278 -0.188174 17.535000 -0.002881 0.188957 0.981981 1.103100 0.000000 0.000000 0.000000 1.000000
0.995902 0.087136 -0.024220 0.000000 -0.089858 0.983672 -0.155930 17.535000 0.010237 0.157467 0.987471 1.103100 0.000000 0.000000 0.000000 1.000000
0.997467 0.065049 -0.028774 0.000000 -0.067908 0.991256 -0.113138 17.535000 0.021163 0.114805 0.993163 1.103100 0.000000 0.000000 0.000000 1.000000
0.998287 0.051497 -0.027768 0.000000 -0.053110 0.996732 -0.060871 17.535000 0.024543 0.062241 0.997759 1.103100 0.000000 0.000000 0.000000 1.000000
0.998605 0.048702 -0.020400 0.000000 -0.048879 0.998771 -0.008244 17.535000 0.019974 0.009229 0.999758 1.103100 0.000000 0.000000 0.000000 1.000000
0.998722 0.049868 -0.008172 0.000000 -0.049539 0.998106 0.036462 17.535000 0.009975 -0.036011 0.999302 1.103100 0.000000 0.000000 0.000000 1.000000
0.998866 0.047282 0.005596 0.000000 -0.047567 0.996088 0.074467 17.535000 -0.002053 -0.074648 0.997208 1.103100 0.000000 0.000000 0.000000 1.000000
0.999126 0.037215 0.019048 0.000000 -0.039024 0.993640 0.105628 17.535000 -0.014996 -0.106279 0.994223 1.103100 0.000000 0.000000 0.000000 1.000000
0.999297 0.020331 0.031501 0.000000 -0.024218 0.991428 0.128391 17.535000 -0.028621 -0.129064 0.991223 1.103100 0.000000 0.000000 0.000000 1.000000</float_array>
        <technique_common>
